"grandf" "bench" "emp" "co2" "beta0" "beta1"
"1" 135.898133333333 69.4858666666667 667.25 2038472 -4.59512090682983 5.63549610888003e-06
"2" 2.1478 3.53926666666667 314.5 32217 -0.200670748949051 0.000122028344776481
"3" 16.8515666666667 46.4268333333333 345.25 252773.5 -0.200670748949051 1.55530033225659e-05
"4" 0.5586 0.638733333333333 687.75 8379 2.94443893432617 0.000246252689976245
"5" 32.8431333333333 24.0256666666667 204.5 492647 2.19722461700439 6.08421260039904e-06
"6" 2.28676666666667 1.75073333333333 9665.5 34301.5 2.19722461700439 8.73830285854638e-05
"7" 21.9523333333333 29.9812666666667 1025.75 329285 2.19722461700439 9.10265862330562e-06
"8" 5.19223333333333 1.54494166666667 457.25 77883.5 2.19722461700439 3.84852901333943e-05
"9" 3.11926666666667 2.78733333333333 93.25 46789 2.19722461700439 6.40614016447216e-05
"10" 3.04033333333333 2.23493333333333 243 45605 2.19722461700439 2.04806037800154e-05
"11" 2.36536666666667 2.1552 351 35480.5 2.19722461700439 8.44793321448378e-05
"12" 7.4821 7.40033333333333 227.5 112231.5 2.19722461700439 8.32224395708181e-06
"13" 18.8576 7.0116 1612.75 282864 -0.200670748949051 1.05965027614729e-05
"14" 1.51203333333333 0.85085 153.75 22680.5 2.19722461700439 0.000132156215840951
"15" 2.22926666666667 1.226775 4815.5 33439 -0.200670748949051 0.000179273847606964
"16" 1.32063333333333 0.663175 90.75 19809.5 2.19722461700439 4.71499988634605e-05
"17" 1.278 2.6364 37.25 19170 2.19722461700439 0.000156357287778519
"18" 0.862566666666667 0.749866666666667 99.75 12938.5 2.19722461700439 0.000231662794249132
"19" 43.5491333333333 66.9559333333333 640.75 653237 -4.59512090682983 1.75859622686403e-05
"20" 0.848233333333333 1.09066666666667 293.25 12723.5 2.19722461700439 0.000235577404964715
"21" 4.42943333333333 1.97066666666667 193.25 66441.5 2.94443893432617 3.10551549773663e-05
"22" 8.92176666666667 17.4102666666667 445.75 133826.5 -0.200670748949051 4.47948514192831e-05
"23" 3.0415 0.5622 19886.333984375 45622.5 2.19722461700439 2.04727475647815e-05
"24" 0.1308 1.65906666666667 2563 1962 -4.59512090682983 0.00432743737474084
"25" 6.0351 1.36704166666667 129.5 90526.5 -4.59512090682983 0.000126899874885567
"26" 2.95233333333333 1.56325 164.33332824707 44285 -4.59512090682983 0.000259406137047336
"27" 0.503633333333333 0.0504 117.5 7554.5 -4.59512090682983 0.00124752789270133
"28" 18.4656666666667 2.5234 1180.66662597656 276985 -4.59512090682983 3.06530382658821e-05
"29" 100.456666666667 97.4807333333333 328.333343505859 1506850 -4.59512090682983 5.6345566008531e-06
"30" 1.02773333333333 1.26353333333333 399.75 15416 2.94443893432617 0.000133844776428305
"31" 0.330333333333333 4.10246666666667 127.333335876465 4955 -4.59512090682983 0.00190200807992369
"32" 1.4089 1.7568 360 21133.5 -0.200670748949051 0.000186026314622723
"33" 0.6332 0.601733333333333 218 9498 2.19722461700439 9.83383797574788e-05
"34" 18.9195333333333 5.28426666666667 794 283793 2.19722461700439 1.05618146335473e-05
"35" 4.42333333333333 7.96206666666667 986.75 66350 -0.200670748949051 9.03502368601039e-05
"36" 7.75076666666667 4.51714166666667 49600 116261.5 -0.200670748949051 2.57812698691851e-05
"37" 2.44333333333333 2.0042 2130.33325195312 36650 -4.59512090682983 0.000313446129439399
"38" 102.743533333333 69.9507333333333 99 1541153 -4.59512090682983 5.50914273844683e-06
"39" 11.9047666666667 193.1033 4799.66650390625 178571.5 -4.59512090682983 3.0761137168156e-05
"40" 19.4034 6.6074 371.333343505859 291051 -4.59512090682983 2.91716296487721e-05
"41" 2.648 0.800133333333333 138 39720 2.19722461700439 7.54624634282663e-05
"42" 1.7239 1.95413333333333 498 25858.5 -4.59512090682983 0.000444256264017895
"43" 0.4106 0.464333333333333 45124 6159 2.19722461700439 0.000486664881464094
"44" 6.28303333333333 2.92506666666667 273.25 94245.5 2.19722461700439 3.18038437399082e-05
"45" 3.6391 6.9638 560.5 54586.5 2.19722461700439 5.49104479432572e-05
"46" 1.00353333333333 6.0552 503.5 15053 -0.200670748949051 0.000261169683653861
"47" 18.1248 4.5746 2832 271872 2.19722461700439 1.10249275167007e-05
"48" 11.1235333333333 5.555 72 166853 -0.200670748949051 2.35619809245691e-05
"49" 5.1066 3.76326666666667 484.333343505859 76599 -0.200670748949051 7.82613133196719e-05
"50" 2.1372 1.23013333333333 292.666656494141 32058 2.19722461700439 2.913525349868e-05
"51" 0.352666666666667 0.203358333333333 102 5290 2.19722461700439 0.000566610426176339
"52" 9.23686666666667 8.2726 423 138553 -4.59512090682983 6.12793082837015e-05
"53" 1.35456666666667 1.36473333333333 337 20318.5 -0.200670748949051 0.000295038422336802
"54" 100.052133333333 85.1052666666667 1302 1500782 -0.200670748949051 1.99720489035826e-06
"55" 0.802633333333333 0.873133333333333 435.333343505859 12039.5 -0.200670748949051 0.000497922534123063
"56" 1.27206666666667 3.10793333333333 750.75 19081 2.19722461700439 4.89501580887008e-05
"57" 13.8933666666667 2.2634 1054.33337402344 208400.5 -4.59512090682983 4.07409388571978e-05
"58" 30.9334666666667 42.5614666666667 450.666656494141 464002 -4.59512090682983 1.8298265786143e-05
"59" 480.439133333333 485.538533333333 3479.33325195312 7206587 -4.59512090682983 7.62228069106641e-07
"60" 0.1808 0.175266666666667 552.75 2712 -0.200670748949051 0.00110522459726781
"61" 26.1099666666667 33.2425333333333 320 391649.5 -4.59512090682983 2.93318407784682e-05
"62" 0.503833333333333 0.475275 350 7557.5 -4.59512090682983 0.0012470327783376
"63" 0.617433333333333 0.345333333333333 113 9261.5 -4.59512090682983 0.000916744756978005
"64" 0.3929 0.289566666666667 631 5893.5 2.19722461700439 0.000508588971570134
"65" 15.6625 1.9354 1696 234937.5 -0.200670748949051 2.55163104156964e-05
"66" 4.30923333333333 3.14173333333333 1185 64638.5 2.94443893432617 3.19213977491017e-05
"67" 9.01163333333333 39.0853333333333 763.25 135174.5 -4.59512090682983 4.06368271796964e-05
"68" 17.9207666666667 13.5886 913 268811.5 -0.200670748949051 2.2300899217953e-05
"69" 0.313366666666667 0.171266666666667 219.66667175293 4700.5 -0.200670748949051 0.000637670280411839
"70" 1.28306666666667 1.04173333333333 156.33332824707 19246 2.19722461700439 4.853049540543e-05
"71" 3.0542 2.3518 397.5 45813 -0.200670748949051 8.58137864270248e-05
"72" 166.225133333333 74.8902 1274 2493377 -4.59512090682983 3.77979336008138e-06
"73" 1.37346666666667 0.895733333333333 1096 20602 2.19722461700439 0.000145489233545959
"74" 82.8631666666667 61.2578666666667 5767 1242947.5 -0.200670748949051 2.41150110014132e-06
"75" 2.55726666666667 2.2122 1109.66662597656 38359 2.19722461700439 7.81399139668792e-05
"76" 9.9546 9.95133333333333 86.6666641235352 149319 2.19722461700439 6.25518487140653e-06
"77" 0.4186 0.5404 141 6279 2.94443893432617 0.000328611436998472
"78" 0.8168 0.8344 183.75 12252 -4.59512090682983 0.000692983332555741
"79" 2.2324 2.39526666666667 1191.25 33486 -4.59512090682983 0.00025355169782415
"80" 8.0265 6.29253333333333 94 120397.5 2.19722461700439 2.48956093855668e-05
"81" 2.65233333333333 1.49486666666667 542.75 39785 2.94443893432617 5.18625420227181e-05
"82" 6.57316666666667 6.64253333333333 42.5 98597.5 -0.200670748949051 6.0800102801295e-05
"83" 1.7017 3.0432 82.6666641235352 25525.5 2.19722461700439 3.65915620932356e-05
"84" 0.385366666666667 0.377933333333333 30 5780.5 -0.200670748949051 0.00103706226218492
"85" 2.34516666666667 0.564866666666667 643 35177.5 -0.200670748949051 0.000170414001331665
"86" 14.5084666666667 18.1369166666667 1630 217627 -0.200670748949051 2.75459315162152e-05
"87" 7.45396666666667 5.83266666666667 1356.33337402344 111809.5 2.19722461700439 2.6807820177055e-05
"88" 2.54463333333333 1.27811666666667 112 38169.5 2.19722461700439 7.85278607509099e-05
"89" 2.85053333333333 1.64013333333333 203.33332824707 42758 -0.200670748949051 0.000140201562317088
"90" 2.9822 2.9964 180 44733 -4.59512090682983 0.000210682264878415
"91" 0.7798 0.263066666666667 375 11697 -4.59512090682983 0.000725864025298506
"92" 2.48373333333333 1.652 382.333343505859 37256 -4.59512090682983 0.000308347662212327
"93" 0.6649 0.684333333333333 53.6666679382324 9973.5 -0.200670748949051 0.000601066625677049
"94" 593.937133333333 1.17666666666667 12085.6669921875 8909057 -0.200670748949051 3.36440677983774e-07
"95" 27.4978333333333 9.12275833333333 1700 412467.5 -0.200670748949051 7.26692178432131e-06
"96" 138.5567 73.237 2600 2078350.5 -4.59512090682983 4.53458142146701e-06
"97" 14.4208666666667 2.32353333333333 500 216313 -4.59512090682983 4.35685797128826e-05
"98" 13.2614333333333 1.98624166666667 613 198921.5 2.19722461700439 1.50680998558528e-05
"99" 1.6781 1.621275 120 25171.5 2.19722461700439 3.71061687474139e-05
"100" 1.68376666666667 0.468633333333333 875 25256.5 -0.200670748949051 0.00023735428112559
"101" 0.548333333333333 0.7572 446.75 8225 4.59511995315552 0
"102" 0.824033333333333 1.052025 169.75 12360.5 4.59511995315552 0
"103" 4.06243333333333 3.82186666666667 506.333343505859 60936.5 4.59511995315552 0
"104" 3.25186666666667 1.53783333333333 230.75 48778 4.59511995315552 0
"105" 2.13513333333333 1.5482 42 32027 4.59511995315552 0
"106" 1.74333333333333 1.7432 323.25 26150 4.59511995315552 0
"107" 14.7004333333333 12.5753333333333 2994.25 220506.5 4.59511995315552 0
"108" 1.80233333333333 2.56226666666667 292 27035 4.59511995315552 0
"109" 4.16303333333333 1.6942 687.5 62445.5 2.19722461700439 0
"110" 3.9306 3.64426666666667 212.5 58959 4.59511995315552 0
"111" 0.462733333333333 0.4178 17 6941 4.59511995315552 0
"112" 1.871 1.94846666666667 4326 28065 4.59511995315552 0
"113" 234.324333333333 13.9083333333333 3083.75 3514865 2.94443893432617 0
"114" 29.2180333333333 37.4648 435.75 438270.5 4.59511995315552 0
"115" 245.8523 210.378933333333 1009.75 3687784.5 4.59511995315552 0
"116" 8.56213333333333 9.11353333333333 475 128432 4.59511995315552 0
"117" 0.546366666666667 2.61206666666667 927.75 8195.5 4.59511995315552 0
"118" 0.3976 0.450133333333333 535 5964 4.59511995315552 0
"119" 51.4501 0.3276 11654.25 771751.5 4.59511995315552 0
"120" 2.2673 0.890666666666667 581 34009.5 4.59511995315552 0
"121" 0.623766666666667 0.768066666666667 1054.75 9356.5 4.59511995315552 0
"122" 0.888333333333333 0.460133333333333 1281.75 13325 4.59511995315552 0
"123" 0.920633333333333 1.1636 206.75 13809.5 4.59511995315552 0
"124" 2.3664 1.47630833333333 108.75 35496 2.94443893432617 0
"125" 0.835833333333333 0.811866666666667 2186.5 12537.5 4.59511995315552 0
"126" 0.191066666666667 0.16345 2773.25 2866 4.59511995315552 0
"127" 0.735766666666667 0.482691666666667 434.5 11036.5 4.59511995315552 0
"128" 1.299 1.23093333333333 224 19485 4.59511995315552 0
"129" 2.78833333333333 1.426525 151.25 41825 4.59511995315552 0
"130" 2.93893333333333 1.795 102.5 44084 -4.59512090682983 0
"131" 1.9253 1.22713333333333 171.66667175293 28879.5 4.59511995315552 0
"132" 4.4786 1.185725 557.5 67179 2.94443893432617 0
"133" 1.3168 0.849566666666667 429 19752 4.59511995315552 0
"134" 7.0242 7.07566666666667 285.5 105363 4.59511995315552 0
"135" 98.4871333333333 79.4058 394.5 1477307 4.59511995315552 0
"136" 0.951433333333333 0.7238 47 14271.5 4.59511995315552 0
"137" 1.0421 0.636108333333333 142.75 15631.5 4.59511995315552 0
"138" 6.5019 11.4400666666667 677.5 97528.5 4.59511995315552 0
"139" 1.30383333333333 1.05053333333333 53 19557.5 2.19722461700439 0
"140" 13.0566666666667 8.20518333333333 247 195850 4.59511995315552 0
"141" 1.35576666666667 6.49233333333333 314 20336.5 4.59511995315552 0
"142" 4.4751 3.35753333333333 702.5 67126.5 4.59511995315552 0
"143" 1.37453333333333 0.750825 447 20618 4.59511995315552 0
"144" 1.66376666666667 0.81825 183.25 24956.5 4.59511995315552 0
"145" 3.11863333333333 1.45533333333333 295.25 46779.5 4.59511995315552 0
"146" 2.35486666666667 3.90113333333333 279.333343505859 35323 4.59511995315552 0
"147" 4.20096666666667 0.511008333333333 3350 63014.5 4.59511995315552 0
"148" 2.0499 1.07513333333333 378 30748.5 4.59511995315552 0
"149" 1.2437 1.1994 1768 18655.5 2.19722461700439 0
"150" 52.6789666666667 52.9132 284.666656494141 790184.5 -4.59512090682983 0
"151" 2.12646666666667 1.76746666666667 244.5 31897 -4.59512090682983 0
"152" 40.0734333333333 2.36813333333333 2287.5 601101.5 -4.59512090682983 0
"153" 0.211366666666667 0.3356 783.666687011719 3170.5 4.59511995315552 0
"154" 1.8913 1.3962 152.33332824707 28369.5 4.59511995315552 0
"155" 3.708 1.7836 256 55620 -4.59512090682983 0
"156" 3.0762 2.6132 195.33332824707 46143 4.59511995315552 0
"157" 77.0237 66.0843333333333 166.75 1155355.5 -0.200670748949051 0
"158" 1.30886666666667 0.0881333333333333 355.5 19633 4.59511995315552 0
"159" 295.195866666667 143.2562 1293.66662597656 4427938 4.59511995315552 0
"160" 3.8321 1.18870833333333 7075 57481.5 4.59511995315552 0
"161" 1.69596666666667 0.7884 91 25439.5 -4.59512090682983 0
"162" 5.18063333333333 3.1912 398.75 77709.5 4.59511995315552 0
"163" 0.00836666666666667 0.40115 132.5 125.5 4.59511995315552 0
"164" 18.2097333333333 11.8799166666667 177.25 273146 4.59511995315552 0
"165" 1.68066666666667 0.0414666666666667 19926.25 25210 4.59511995315552 0
"166" 29.3202333333333 29.8683333333333 150 439803.5 4.59511995315552 0
"167" 7.11666666666667 6.4978 348.5 106750 4.59511995315552 0
"168" 7.97773333333333 2.42926666666667 476 119666 4.59511995315552 0
"169" 0.7253 0.841533333333333 239.75 10879.5 4.59511995315552 0
"170" 1.06813333333333 1.8272 3726.5 16022 2.94443893432617 0
"171" 1.66253333333333 0.6084 1475 24938 4.59511995315552 0
"172" 1.19483333333333 0.573966666666667 1476 17922.5 4.59511995315552 0
"173" 5.0439 6.88413333333333 1362.5 75658.5 2.19722461700439 0
"174" 3.57706666666667 3.49826666666667 1028.33337402344 53656 4.59511995315552 0
"175" 3.085 1.1115 3400 46275 4.59511995315552 0
"176" 0.144766666666667 0.1448 252 2171.5 4.59511995315552 0
"177" 10.3223333333333 4.85646666666667 730.5 154835 -4.59512090682983 0
"178" 0.7696 0.504 2400 11544 4.59511995315552 0
"179" 148.880066666667 0.0462 92072.75 2233201 4.59511995315552 0
"180" 0.653733333333333 0.6366 196 9806 4.59511995315552 0
"181" 1.23766666666667 1.3052 10188.75 18565 4.59511995315552 0
"182" 2.96133333333333 2.74926666666667 377.333343505859 44420 4.59511995315552 0
"183" 1.0808 1.94953333333333 180 16212 4.59511995315552 0
"184" 24.9444666666667 9.56953333333333 788.75 374167 2.19722461700439 0
"185" 0.367833333333333 0.225916666666667 134.5 5517.5 4.59511995315552 0
"186" 132.6383 70.0356666666667 850.666687011719 1989574.5 -0.200670748949051 0
"187" 0.897866666666667 0.389291666666667 2558.25 13468 4.59511995315552 0
"188" 19.0627333333333 18.8122666666667 130 285941 2.19722461700439 0
"189" 0.653966666666667 0.385075 114 9809.5 4.59511995315552 0
"190" 7.96553333333333 7.9077 181.5 119483 4.59511995315552 0
"191" 0.675733333333333 0.0746 5442.5 10136 4.59511995315552 0
"192" 10.4509666666667 0.903266666666667 570.333312988281 156764.5 4.59511995315552 0
"193" 0.148766666666667 0.0141333333333333 667.25 2231.5 2.19722461700439 0
"194" 0.971933333333333 0.0840666666666667 202 14579 4.59511995315552 0
"195" 1.95703333333333 1.09953333333333 261.333343505859 29355.5 4.59511995315552 0
"196" 1.4081 0.228366666666667 1524.25 21121.5 4.59511995315552 0
"197" 8.77753333333333 3.25653333333333 642 131663 4.59511995315552 0
"198" 2.2875 4.865 254.33332824707 34312.5 4.59511995315552 0
"199" 5.94876666666667 0.741275 2879.5 89231.5 4.59511995315552 0
"200" 1.0238 2.10686666666667 825.5 15357 4.59511995315552 0
"201" 44.7472333333333 6.42606666666667 2211.25 671208.5 4.59511995315552 0
"202" 8.42273333333333 6.85873333333333 665 126341 2.94443893432617 0
"203" 49.1025666666667 88.4931333333333 1238.66662597656 736538.5 2.19722461700439 0
"204" 1.60963333333333 3.73273333333333 488.25 24144.5 4.59511995315552 0
"205" 1.4671 1.34045 311 22006.5 4.59511995315552 0
"206" 1.45496666666667 0.408525 612.666687011719 21824.5 2.94443893432617 0
"207" 0.567433333333333 0.693991666666667 287.666656494141 8511.5 4.59511995315552 0
"208" 2.32216666666667 2.13026666666667 268.75 34832.5 4.59511995315552 0
"209" 5.07033333333333 3.468125 694.25 76055 4.59511995315552 0
"210" 93.0796 61.6678666666667 554 1396194 4.59511995315552 0
"211" 0.961066666666667 1.52435833333333 190.66667175293 14416 2.94443893432617 0
"212" 0.693666666666667 0.299775 907 10405 4.59511995315552 0
"213" 6.66146666666667 7.58926666666667 272.333343505859 99922 4.59511995315552 0
"214" 60.3435666666667 5.98533333333333 1658.66662597656 905153.5 4.59511995315552 0
"215" 6.39026666666667 4.18586666666667 239 95854 2.94443893432617 0
"216" 3.13956666666667 2.59044166666667 477.25 47093.5 4.59511995315552 0
"217" 1.58256666666667 3.15299166666667 12500 23738.5 4.59511995315552 0
"218" 1.57656666666667 0.381625 1346.66662597656 23648.5 2.94443893432617 0
"219" 0.385533333333333 0.595066666666667 1843 5783 4.59511995315552 0
"220" 2.87956666666667 1.9644 183 43193.5 4.59511995315552 0
"221" 0.4603 0.438266666666667 220.75 6904.5 4.59511995315552 0
"222" 0.0811666666666667 0.970866666666667 103 1217.5 4.59511995315552 0
"223" 0.5966 0.133308333333333 8605 8949 4.59511995315552 0
"224" 0.0588666666666667 1.54713333333333 117.75 883 -4.59512090682983 0
"225" 3.45436666666667 3.4278 368.666656494141 51815.5 4.59511995315552 0
"226" 1065.843 253.847933333333 9696.5 15987645 -0.200670748949051 0
"227" 1.2211 1.25806666666667 272.75 18316.5 4.59511995315552 0
"228" 1.14606666666667 1.37133333333333 103.5 17191 4.59511995315552 0
"229" 0.514033333333333 0.2282 89.5 7710.5 4.59511995315552 0
"230" 4.80803333333333 1.84260833333333 3604 72120.5 4.59511995315552 0
"231" 0.6144 0.244258333333333 62049.5 9216 4.59511995315552 0
"232" 1.80983333333333 1.34766666666667 1096.33337402344 27147.5 4.59511995315552 0
"233" 1.58896666666667 1.49486666666667 342.25 23834.5 2.19722461700439 0
"234" 2.84826666666667 9.55346666666667 446.666656494141 42724 4.59511995315552 0
"235" 21.5546666666667 22.9592666666667 8650.25 323320 4.59511995315552 0
"236" 1.18846666666667 2.47153333333333 251.33332824707 17827 4.59511995315552 0
"237" 0.292133333333333 0.167641666666667 76.6666641235352 4382 4.59511995315552 0
"238" 0.434066666666667 0.2475 660.75 6511 4.59511995315552 0
"239" 2.94396666666667 6.39673333333333 423 44159.5 4.59511995315552 0
"240" 275.866566666667 52.6200666666667 1496.5 4137998.5 -0.200670748949051 0
"241" 3.12926666666667 1.22554166666667 106.25 46939 4.59511995315552 0
"242" 3.3948 1.20446666666667 997.5 50922 4.59511995315552 0
"243" 0.576066666666667 0.558866666666667 90.75 8641 4.59511995315552 0
"244" 2.53086666666667 2.45906666666667 299.5 37963 -0.200670748949051 0
"245" 1.54666666666667 2.782 169 23200 2.94443893432617 0
"246" 0.829133333333333 0.55735 167.66667175293 12437 4.59511995315552 0
"247" 0.847566666666667 0.929133333333333 391.5 12713.5 4.59511995315552 0
"248" 2.21313333333333 3.27586666666667 148.5 33197 4.59511995315552 0
"249" 0.791966666666667 0.433933333333333 577 11879.5 4.59511995315552 0
"250" 0.377166666666667 0.169466666666667 12204.5 5657.5 4.59511995315552 0
"251" 1.652 3.65446666666667 361.666656494141 24780 4.59511995315552 0
"252" 0.5662 3.24846666666667 460.333343505859 8493 4.59511995315552 0
"253" 7.8194 9.82353333333333 410.666656494141 117291 2.19722461700439 0
"254" 0.2833 0.412066666666667 155.5 4249.5 4.59511995315552 0
"255" 1.6632 0.727366666666667 1531 24948 4.59511995315552 0
"256" 6.11333333333333 3.40946666666667 1696.75 91700 2.19722461700439 0
"257" 46.4698666666667 11.6704583333333 1794.75 697048 4.59511995315552 0
"258" 1.58793333333333 0.785641666666667 1589.66662597656 23819 2.19722461700439 0
"259" 5.7725 6.8906 832 86587.5 4.59511995315552 0
"260" 1.5481 1.15926666666667 161.25 23221.5 4.59511995315552 0
"261" 3.27413333333333 2.58026666666667 335.75 49112 4.59511995315552 0
"262" 2.88813333333333 1.00033333333333 250.66667175293 43322 2.19722461700439 0
"263" 0.382266666666667 0.379533333333333 236.66667175293 5734 4.59511995315552 0
"264" 6.50503333333333 8.725 676.25 97575.5 4.59511995315552 0
"265" 1.6056 2.0408 60.5 24084 4.59511995315552 0
"266" 16.4565666666667 19.1892666666667 389.666656494141 246848.5 4.59511995315552 0
"267" 0.728733333333333 0.4972 268.5 10931 4.59511995315552 0
"268" 7.16886666666667 0.695633333333333 563 107533 4.59511995315552 0
"269" 1384.27026666667 438.058733333333 25107.5 20764054 4.59511995315552 0
"270" 0.241533333333333 1.54413333333333 218 3623 -4.59512090682983 0
"271" 0.9031 0.604666666666667 883 13546.5 2.94443893432617 0
"272" 2.6881 1.41013333333333 10097.75 40321.5 4.59511995315552 0
"273" 6.353 3.65713333333333 2608.33325195312 95295 4.59511995315552 0
"274" 3.82976666666667 0.903125 9068 57446.5 4.59511995315552 0
"275" 29.8700666666667 13.7828 84.3333358764648 448051 -0.200670748949051 0
"276" 0.5089 0.433933333333333 350.5 7633.5 2.19722461700439 0
"277" 1.55253333333333 1.54113333333333 265 23288 4.59511995315552 0
"278" 2.007 0.607 60 30105 4.59511995315552 0
"279" 8.98506666666667 4.86766666666667 503.333343505859 134776 2.19722461700439 0
"280" 38.6658333333333 37.3405333333333 391.333343505859 579987.5 4.59511995315552 0
"281" 1.93573333333333 1.70726666666667 532.666687011719 29036 2.94443893432617 0
"282" 7.80183333333333 5.45786666666667 902 117027.5 4.59511995315552 0
"283" 0.690766666666667 0.322191666666667 1320 10361.5 4.59511995315552 0
"284" 0.168666666666667 0.1602 13870.6669921875 2530 2.19722461700439 0
"285" 3.7663 3.29333333333333 1036.66662597656 56494.5 2.19722461700439 0
"286" 1.81656666666667 1.61373333333333 2654.25 27248.5 4.59511995315552 0
"287" 0.832933333333333 0.475858333333333 553.333312988281 12494 4.59511995315552 0
"288" 0.229266666666667 0.0964 12 3439 4.59511995315552 0
"289" 0.499433333333333 0.3816 66.5 7491.5 4.59511995315552 0
"290" 9.00473333333333 13.4006 86.3333358764648 135071 4.59511995315552 0
"291" 4.31283333333333 3.00073333333333 499.5 64692.5 4.59511995315552 0
"292" 0.637533333333333 0.721533333333333 89 9563 4.59511995315552 0
"293" 0.295633333333333 0.2142 32 4434.5 4.59511995315552 0
"294" 106.964966666667 117.991733333333 3953 1604474.5 2.19722461700439 0
"295" 6.26646666666667 5.7954 2508 93997 4.59511995315552 0
"296" 0.9567 2.53973333333333 97.3333358764648 14350.5 4.59511995315552 0
"297" 0.6296 0.195391666666667 1336.5 9444 4.59511995315552 0
"298" 0.204033333333333 0.0999333333333333 27 3060.5 4.59511995315552 0
"299" 0.266733333333333 0.340133333333333 59 4001 4.59511995315552 0
"300" 1.0283 1.12966666666667 423 15424.5 4.59511995315552 0
"301" 58.8956333333333 15.3286 619.75 883434.5 2.94443893432617 0
"302" 0.288433333333333 0.2194 842.333312988281 4326.5 4.59511995315552 0
"303" 0.413333333333333 3.0712 434.333343505859 6200 4.59511995315552 0
"304" 0.210766666666667 0.230933333333333 94 3161.5 4.59511995315552 0
"305" 0.962566666666667 1.37573333333333 47 14438.5 4.59511995315552 0
"306" 1.72976666666667 0.657616666666667 430 25946.5 4.59511995315552 0
"307" 0.5914 0.461316666666667 1600 8871 2.19722461700439 0
"308" 0.400933333333333 0.388441666666667 900 6014 4.59511995315552 0
"309" 0.3552 0.073 192.5 5328 4.59511995315552 0
"310" 45.6332666666667 12.1106666666667 506.666656494141 684499 4.59511995315552 0
"311" 4.73976666666667 1.84993333333333 1600 71096.5 2.94443893432617 0
"312" 4.6276 2.06393333333333 554 69414 2.19722461700439 0
"313" 1.64473333333333 0.3346 675 24671 2.19722461700439 0
"314" 8.4699 7.45010833333333 422.5 127048.5 4.59511995315552 0
"315" 0.3654 0.219133333333333 90 5481 4.59511995315552 0
"316" 1.14023333333333 0.548683333333333 300 17103.5 2.19722461700439 0
"317" 2.4221 0.2211 1100 36331.5 4.59511995315552 0
"318" 148.662366666667 60.514 640 2229935.5 4.59511995315552 0
"319" 1.29593333333333 0.672291666666667 1350 19439 4.59511995315552 0
"320" 0.975933333333333 0.384125 160 14639 4.59511995315552 0
"321" 1.1859 0.470591666666667 269.333343505859 17788.5 4.59511995315552 0
"322" 0.221233333333333 0.0946 250 3318.5 4.59511995315552 0
"323" 0.764433333333333 0.233733333333333 100 11466.5 2.19722461700439 0
"324" 2.60423333333333 0.869991666666667 2804.5 39063.5 4.59511995315552 0
"325" 3.4317 1.02756666666667 330 51475.5 4.59511995315552 0
"326" 1.1875 0.351833333333333 688 17812.5 4.59511995315552 0
"327" 0.635 0.4236 50 9525 4.59511995315552 0
"328" 2.32823333333333 0.995025 61 34923.5 4.59511995315552 0
"329" 1.17713333333333 1.112825 250 17657 4.59511995315552 0
"330" 0.592366666666667 0.436466666666667 210 8885.5 2.19722461700439 0
"331" 6.5966 4.25053333333333 379.333343505859 98949 -0.200670748949051 0
"332" 0.396066666666667 0.229866666666667 134.25 5941 -4.59512090682983 0
"333" 1.39366666666667 0.409391666666667 1700 20905 4.59511995315552 0
"334" 18.1058 17.9706 400 271587 -0.200670748949051 0
"335" 1.7104 1.24046666666667 120 25656 4.59511995315552 0
"336" 1.0481 0.5048 688 15721.5 4.59511995315552 0
"337" 2.36536666666667 3.7212 290 35480.5 2.94443893432617 0
"338" 0.786566666666667 3.159 500 11798.5 2.19722461700439 0
"339" 0.603933333333333 0.2211 1000 9059 4.59511995315552 0
"340" 139.6608 115.426333333333 460 2094912 4.59511995315552 0
"341" 0.203533333333333 0.130333333333333 122 3053 4.59511995315552 0
"342" 0.816966666666667 0.819133333333333 255 12254.5 4.59511995315552 0
"343" 13.4537333333333 8.84611666666667 1434.25 201806 4.59511995315552 0
"344" 0.715666666666667 0.710733333333333 95.3333358764648 10735 2.19722461700439 0
