"emp" "co2" "emp_allo" "co2_allo" "emp_bench" "co2_bench"
"1" 667.25 2038472 0.676698127159958 2067.33635768904 145.309339141681 443925.09431071
"2" 314.5 32217 7.36379107441227 754.337860236375 0.589439060449785 60.3814251526574
"3" 345.25 252773.5 8.08378096190872 5918.51008537302 0.00834381258281066 6.10889126691119
"4" 687.75 8379 4.56752629061697 55.647114197135 3.4030736376865 41.4603475247912
"5" 204.5 492647 1.12799658904343 2717.37963619795 2.50517477948817 6035.04567036923
"6" 9665.5 34301.5 53.3137038636066 189.202836177901 107.038833291384 379.865763814018
"7" 1025.75 329285 5.65791033009056 1816.29539658189 1.89736244742573 609.088952961816
"8" 457.25 77883.5 2.52213415962837 429.595704366138 19.9176427196683 3392.57676710177
"9" 93.25 46789 0.514355496431302 258.082351984174 0.706134838957479 354.309308096316
"10" 243 45605 10.1663349089667 1907.96585812109 12.8691342500923 2415.21344640108
"11" 351 35480.5 1.93607265617066 195.706056630379 2.52262703963216 254.997346665723
"12" 227.5 112231.5 9.51786510277715 4695.40341662564 9.61138823182378 4741.54073995574
"13" 1612.75 282864 92.7377191943547 16265.4857865087 461.604011118251 80961.8087124186
"14" 153.75 22680.5 0.848065921809631 125.102823672217 3.09895464638455 457.143680372844
"15" 4815.5 33439 14.6214083331133 101.531569567226 207.92901129769 1443.86630854189
"16" 90.75 19809.5 3.79668692211471 828.765505053788 5.89822129451186 1287.50209072874
"17" 37.25 19170 0.205466346473179 105.739325151432 0.00853903532815532 4.39445120109363
"18" 99.75 12938.5 0.550208616964197 71.3671598054262 0.811823319252146 105.301012693172
"19" 640.75 653237 0.649822755839416 662.486566611428 0.00135424713310966 1.3806388365059
"20" 293.25 12723.5 1.61753051743597 70.1812430983687 0.68894242575744 29.8917611393855
"21" 193.25 66441.5 1.28342368548037 441.255341779271 3.97790898008808 1367.64936352146
"22" 445.75 133826.5 1.35344051662399 406.340341666809 0.00452591380939599 1.35880472106143
"23" 19886.333984375 45622.5 831.97997225907 1908.69801916295 1700.26568738722 3900.68734557972
"24" 2563 1962 51.0849276525846 39.1059805128252 4.30605439460164e-42 3.29632412103333e-42
"25" 129.5 90526.5 0.131333628648672 91.8082913811892 113.967239495798 79668.3807429832
"26" 164.33332824707 44285 0.166660296235586 44.9120777721758 30.2830016094321 8160.74706560694
"27" 117.5 7554.5 0.931601300895359 59.8960172562893 114.529174762366 7363.49489993445
"28" 1180.66662597656 276985 23.5326915298845 5520.78158219614 1143.80243288261 268336.641268183
"29" 328.333343505859 1506850 6.5442425161294 30034.0858778895 8.36806561322834 38404.3226760127
"30" 399.75 15416 2.65484409487034 102.381679966282 1.65778882756821 63.9311383759636
"31" 127.333335876465 4955 1.00956454637103 39.2858028326661 1.85810546828493e-47 7.23055948544702e-46
"32" 360 21133.5 8.42914133991166 494.825718075064 3.23998479030182 190.200607127343
"33" 218 9498 9.12041571854632 397.365635297032 9.53477287156713 415.418682266718
"34" 794 283793 4.37960544575261 1565.36696255223 36.4413690917349 13024.9439025828
"35" 986.75 66350 2.99609060437246 201.459956017342 0.0248336213995772 1.66983610829688
"36" 49600 116261.5 2852.14142909939 6685.36775724272 8711.57814744027 20419.7811046094
"37" 2130.33325195312 36650 2.16049916706927 37.1689708173559 16.9125007916211 290.960652961048
"38" 99 1541153 1.97323807184923 30717.7956984309 23.1740456003924 360755.049486682
"39" 4799.66650390625 178571.5 1389.37723887307 51691.7534602669 9.56546580781639e-34 3.55882971475271e-32
"40" 371.333343505859 291051 7.40130306117197 5801.139851647 314.163718507633 246241.459417776
"41" 138 39720 0.761190880710318 219.09059262184 5.93217266360796 1707.43404491673
"42" 498 25858.5 0.505051793243237 26.224662240121 0.10898581988473 5.65905587046045
"43" 45124 6159 248.898396743725 33.9722813922657 168.440772864349 22.9905753051929
"44" 273.25 94245.5 1.5072129409564 519.846430839547 7.31980568615358 2524.6431721661
"45" 560.5 54586.5 3.09164810164267 301.09232667318 0.200983055040271 19.5735263763706
"46" 503.5 15053 11.7890892618896 352.455135370852 3.06919458828327e-08 9.17588602530844e-07
"47" 2832 271872 15.6209599608162 1499.61215623835 140.35350116175 13473.936111528
"48" 72 166853 1.68582813112438 3906.74279392355 10.5451986820359 24437.4727179685
"49" 484.333343505859 76599 1.47059174205812 232.579190262889 7.03598408571703 1112.76531382424
"50" 292.666656494141 32058 12.2442271027168 1341.20311880064 17.8378075074098 1953.91043148774
"51" 102 5290 0.562619286686641 29.1789806526699 1.97355349094473 102.353901638212
"52" 423 138553 8.43110695309048 2761.59612688309 19.8904777769672 6515.09543128165
"53" 337 20318.5 1.02324050194982 61.6935078304672 0.978352533852361 58.9871096708581
"54" 1302 1500782 74.8687094891247 86299.2408329551 113.471550700521 130795.745624754
"55" 435.333343505859 12039.5 1.32181197478995 36.5557922632897 0.781683113210024 21.618086420172
"56" 750.75 19081 31.4089535203675 798.287368794049 8.41960057400497 213.991872863921
"57" 1054.33337402344 208400.5 21.0146505897761 4153.77507545093 1013.51020677516 200331.355386225
"58" 450.666656494141 464002 8.98255100829504 9248.34702743335 0.3764378841237 387.576778961094
"59" 3479.33325195312 7206587 1007.17513320948 2086116.70573271 965.969109714964 2000768.51637183
"60" 552.75 2712 31.7847010807717 155.947732846771 34.6469417108964 169.99096502931
"61" 320 391649.5 0.324531217049383 397.19527778682 0.0140860189232961 17.2399445884358
"62" 350 7557.5 2.77498051475208 59.9197578292539 4.70797955157392 101.658729888628
"63" 113 9261.5 2.25228248421796 184.597471040572 52.1688355511159 4275.76699519168
"64" 631 5893.5 3.48051752683419 32.5078130656059 7.60570332632609 71.0367869313832
"65" 1696 234937.5 5.14960208196781 713.345895714807 624.40934634205 86495.9733527331
"66" 1185 64638.5 7.86989279066787 429.281067636781 13.69603239616 747.08100425248
"67" 763.25 135174.5 220.940743074469 39129.452308837 3.39960093625078e-06 0.00060208235408743
"68" 913 268811.5 2.77216199238754 816.198273183662 11.6924958270215 3442.58197371893
"69" 219.66667175293 4700.5 12.6314594320595 270.292141209189 42.1610932603582 902.176999764511
"70" 156.33332824707 19246 6.54048149831555 805.190475556449 7.73447991528401 952.182123406854
"71" 397.5 45813 9.30717800956842 1072.6786066726 22.2220440710948 2561.15347177124
"72" 1274 2493377 10.100933016968 19768.7865487038 747.066143762878 1462101.68001339
"73" 1096 20602 6.04539918353311 113.638060199954 16.9758941570083 319.103441079093
"74" 5767 1242947.5 331.618894985236 71473.014821339 678.304526192751 146193.326698451
"75" 1109.66662597656 38359 6.12078398431539 211.583503872372 9.14673144511439 316.184575880498
"76" 86.6666641235352 149319 3.62585317178642 6247.02444974978 3.62691816522675 6248.85933929035
"77" 141 6279 0.936417674811892 41.7004721996019 0.515269897740379 22.9459552334173
"78" 183.75 12252 3.66244969674306 244.203176514264 3.06032937605417 204.055268111106
"79" 1191.25 33486 23.7436280253183 667.432636353249 12.8987888246353 362.584547812582
"80" 94 120397.5 0.518492295913241 664.097619119302 0.985782986816823 1262.614969737
"81" 542.75 39785 3.60454384517393 264.222527646697 8.78441108138649 643.920395896751
"82" 42.5 98597.5 0.129043689694156 299.373769285165 0.121155479192402 281.073584933479
"83" 82.6666641235352 25525.5 3.45850620213409 1067.90446909349 1.69310882444246 522.791741465736
"84" 30 5780.5 0.0910896387386654 17.5514552242952 0.102217650907544 19.6956377023686
"85" 643 35177.5 1.95235434644124 106.810178883261 143.949239134986 7875.2322856469
"86" 1630 217627 4.94920354927831 660.785472894964 1.10777359386145 147.902726325942
"87" 1356.33337402344 111809.5 7.48136720913131 616.727379116244 14.2864350548816 1177.70394127394
"88" 112 38169.5 0.61777802402773 210.538199001129 2.69500737514878 918.456107194119
"89" 203.33332824707 42758 0.617385316866364 129.827026420851 7.60026943712759 1598.22456748373
"90" 180 44733 1.42713349802526 354.666459817577 1.36498106059082 339.220543241162
"91" 375 11697 7.47438923535308 233.141149029133 318.570966618523 9936.86559076497
"92" 382.333343505859 37256 0.3877473092196 37.7835571959839 17.3586982914935 1691.49689539953
"93" 53.6666679382324 9973.5 0.162949313972094 30.2827629390215 0.136826868185552 25.428125543759
"94" 12085.6669921875 8909057 694.960266939997 512296.146741919 6629.34948940595 4886883.98515509
"95" 1700 412467.5 97.7548515900478 23718.0583813047 529.320755117388 128428.005036107
"96" 2600 2078350.5 20.6141544169503 16478.2454382869 1051.94016848863 840884.759672473
"97" 500 216313 3.96425803102181 1715.04109492884 477.959096890518 206777.532251357
"98" 613 198921.5 3.38123202924181 1097.22634111717 40.5966657605 13173.8167179075
"99" 120 25171.5 5.02041234287313 1053.09424407193 5.17478072766527 1085.47494238689
"100" 875 25256.5 2.65678114394625 76.6868490995183 163.86609164015 4729.92450686795
"101" 446.75 8225 4.46749954435649 82.2499916112638 4.46749954435649 82.2499916112638
"102" 169.75 12360.5 1.69749982687076 123.604987393438 1.69749982687076 123.604987393438
"103" 506.333343505859 60936.5 5.06333291864561 609.364937850429 5.06333291864561 609.364937850429
"104" 230.75 48778 2.30749976465643 487.77995025097 2.30749976465643 487.77995025097
"105" 42 32027 0.4199999571639 320.269967335434 0.4199999571639 320.269967335434
"106" 323.25 26150 3.23249967031502 261.499973329428 3.23249967031502 261.499973329428
"107" 2994.25 220506.5 29.9424969461431 2205.06477510385 29.9424969461431 2205.06477510385
"108" 292 27035 2.91999970218712 270.349972426811 2.91999970218712 270.349972426811
"109" 687.5 62445.5 68.7499975455317 6244.54977706109 68.7499975455317 6244.54977706109
"110" 212.5 58959 2.12499978326973 589.589939867295 2.12499978326973 589.589939867295
"111" 17 6941 0.169999982661579 69.4099929208246 0.169999982661579 69.4099929208246
"112" 4326 28065 43.2599955878817 280.649971376306 43.2599955878817 280.649971376306
"113" 3083.75 3514865 154.187506568119 175743.257486356 154.187506568119 175743.257486356
"114" 435.75 438270.5 4.35749955557547 4382.70455300479 4.35749955557547 4382.70455300479
"115" 1009.75 3687784.5 10.0974989701488 36877.8412388023 10.0974989701488 36877.8412388023
"116" 475 128432 4.74999951554411 1284.31986901129 4.74999951554411 1284.31986901129
"117" 927.75 8195.5 9.27749905378116 81.9549916413511 9.27749905378116 81.9549916413511
"118" 535 5964 5.34999945434968 59.6399939172739 5.34999945434968 59.6399939172739
"119" 11654.25 771751.5 116.542488113747 7717.51421288514 116.542488113747 7717.51421288514
"120" 581 34009.5 5.80999940743396 340.094965313468 5.80999940743396 340.094965313468
"121" 1054.75 9356.5 10.547498924253 93.5649904572389 10.547498924253 93.5649904572389
"122" 1281.75 13325 12.817498692734 133.249986409737 12.817498692734 133.249986409737
"123" 206.75 13809.5 2.0674997891342 138.094985915592 2.0674997891342 138.094985915592
"124" 108.75 35496 5.43750023162802 1774.80007560338 5.43750023162802 1774.80007560338
"125" 2186.5 12537.5 21.8649977699731 125.374987212914 21.8649977699731 125.374987212914
"126" 2773.25 2866 27.7324971715425 28.6599970769462 27.7324971715425 28.6599970769462
"127" 434.5 11036.5 4.34499955685035 110.364988743795 4.34499955685035 110.364988743795
"128" 224 19485 2.2399997715408 194.84998012711 2.2399997715408 194.84998012711
"129" 151.25 41825 1.51249984573905 418.249957342384 1.51249984573905 418.249957342384
"130" 102.5 44084 101.475001072281 43643.160461175 101.475001072281 43643.160461175
"131" 171.66667175293 28879.5 1.71666654244523 288.794970545592 1.71666654244523 288.794970545592
"132" 557.5 67179 27.8750011874264 3358.95014308541 27.8750011874264 3358.95014308541
"133" 429 19752 4.28999956245984 197.519979854794 4.28999956245984 197.519979854794
"134" 285.5 105363 2.85499970881651 1053.62989253952 2.85499970881651 1053.62989253952
"135" 394.5 1477307 3.94499959764664 14773.0684932841 3.94499959764664 14773.0684932841
"136" 47 14271.5 0.469999952064365 142.714985444395 0.469999952064365 142.714985444395
"137" 142.75 15631.5 1.42749985440826 156.314984057322 1.42749985440826 156.314984057322
"138" 677.5 97528.5 6.77499930901292 975.284900529987 6.77499930901292 975.284900529987
"139" 53 19557.5 5.29999981078281 1955.74993017707 5.29999981078281 1955.74993017707
"140" 247 195850 2.46999974808294 1958.49980025119 2.46999974808294 1958.49980025119
"141" 314 20336.5 3.13999967974916 203.364979258659 3.13999967974916 203.364979258659
"142" 702.5 67126.5 7.02499928351524 671.264931537204 7.02499928351524 671.264931537204
"143" 447 20618 4.46999954410151 206.179978971555 4.46999954410151 206.179978971555
"144" 183.25 24956.5 1.83249981310202 249.564974546688 1.83249981310202 249.564974546688
"145" 295.25 46779.5 2.95249969887242 467.794952289254 2.95249969887242 467.794952289254
"146" 279.333343505859 35323 2.79333315016452 353.22996397382 2.79333315016452 353.22996397382
"147" 3350 63014.5 33.4999965833111 630.144935731062 33.4999965833111 630.144935731062
"148" 378 30748.5 3.7799996144751 307.484968639386 3.7799996144751 307.484968639386
"149" 1768 18655.5 176.799993688 1865.54993339733 176.799993688 1865.54993339733
"150" 284.666656494141 790184.5 281.819992907176 782282.663266339 281.819992907176 782282.663266339
"151" 244.5 31897 242.055002557782 31578.0303336834 242.055002557782 31578.0303336834
"152" 2287.5 601101.5 2264.62502393017 595090.49128829 2264.62502393017 595090.49128829
"153" 783.666687011719 3170.5 7.83666607084994 31.7049967663844 7.83666607084994 31.7049967663844
"154" 152.33332824707 28369.5 1.52333312710486 283.694971065745 1.52333312710486 283.694971065745
"155" 256 55620 253.440002678087 55063.8005818563 253.440002678087 55063.8005818563
"156" 195.33332824707 46143 1.95333308324885 461.429952938425 1.95333308324885 461.429952938425
"157" 166.75 1155355.5 91.7125022074378 635445.540294605 91.7125022074378 635445.540294605
"158" 355.5 19633 3.55499963742301 196.329979976163 3.55499963742301 196.329979976163
"159" 1293.66662597656 4427938 12.9366649403458 44279.3754839145 12.9366649403458 44279.3754839145
"160" 7075 57481.5 70.749992784157 574.814941374208 70.749992784157 574.814941374208
"161" 91 25439.5 90.0900009519763 25185.1052661297 90.0900009519763 25185.1052661297
"162" 398.75 77709.5 3.98749959331203 777.094920743527 3.98749959331203 777.094920743527
"163" 132.5 125.5 1.3249998648623 1.25499987200165 1.3249998648623 1.25499987200165
"164" 177.25 273146 1.77249981922146 2731.45972141645 1.77249981922146 2731.45972141645
"165" 19926.25 25210 199.262479677076 252.099974288141 199.262479677076 252.099974288141
"166" 150 439803.5 1.49999984701393 4398.03455144127 1.49999984701393 4398.03455144127
"167" 348.5 106750 3.48499964456236 1067.49989112491 3.48499964456236 1067.49989112491
"168" 476 119666 4.75999951452421 1196.65987795179 4.75999951452421 1196.65987795179
"169" 239.75 10879.5 2.39749975547727 108.79498890392 2.39749975547727 108.79498890392
"170" 3726.5 16022 186.32500793712 801.100034125463 186.32500793712 801.100034125463
"171" 1475 24938 14.749998495637 249.379974565556 14.749998495637 249.379974565556
"172" 1476 17922.5 14.7599984946171 179.224981720714 14.7599984946171 179.224981720714
"173" 1362.5 75658.5 136.24999513569 7565.84972988889 136.24999513569 7565.84972988889
"174" 1028.33337402344 53656 10.2833326914298 536.559945275863 10.2833326914298 536.559945275863
"175" 3400 46275 33.9999965323157 462.749952803797 33.9999965323157 462.749952803797
"176" 252 2171.5 2.5199997429834 21.7149977852717 2.5199997429834 21.7149977852717
"177" 730.5 154835 723.195007641963 153286.651619772 723.195007641963 153286.651619772
"178" 2400 11544 23.9999975522229 115.439988226192 23.9999975522229 115.439988226192
"179" 92072.75 2233201 920.727406094346 22332.0077223424 920.727406094346 22332.0077223424
"180" 196 9806 1.9599998000982 98.0599899987907 1.9599998000982 98.0599899987907
"181" 10188.75 18565 101.887489608421 185.649981065424 101.887489608421 185.649981065424
"182" 377.333343505859 44420 3.77333305021363 444.199954695725 3.77333305021363 444.199954695725
"183" 180 16212 1.79999981641672 162.119983465266 1.79999981641672 162.119983465266
"184" 788.75 374167 78.8749971840555 37416.698664173 78.8749971840555 37416.698664173
"185" 134.5 5517.5 1.34499986282249 55.1749943726624 1.34499986282249 55.1749943726624
"186" 850.666687011719 1989574.5 467.866689117577 1094266.001338 467.866689117577 1094266.001338
"187" 2558.25 13468 25.5824973908226 134.679986263891 25.5824973908226 134.679986263891
"188" 130 285941 12.9999995358824 28594.0989791518 12.9999995358824 28594.0989791518
"189" 114 9809.5 1.13999988373059 98.094989995221 1.13999988373059 98.094989995221
"190" 181.5 119483 1.81499981488686 1194.82987813844 1.81499981488686 1194.82987813844
"191" 5442.5 10136 54.4249944491554 101.359989662221 54.4249944491554 101.359989662221
"192" 570.333312988281 156764.5 5.7033325481958 1567.64484011477 5.7033325481958 1567.64484011477
"193" 667.25 2231.5 66.724997617827 223.149992033242 66.724997617827 223.149992033242
"194" 202 14579 2.01999979397876 145.789985130774 2.01999979397876 145.789985130774
"195" 261.333343505859 29355.5 2.61333316852285 293.554970060116 2.61333316852285 293.554970060116
"196" 1524.25 21121.5 15.2424984454066 211.214978458032 15.2424984454066 211.214978458032
"197" 642 131663 6.41999934521962 1316.62986571597 6.41999934521962 1316.62986571597
"198" 254.33332824707 34312.5 2.54333302307433 343.124965004437 2.54333302307433 343.124965004437
"199" 2879.5 89231.5 28.7949970631774 892.314908992157 28.7949970631774 892.314908992157
"200" 825.5 15357 8.25499915806666 153.569984337286 8.25499915806666 153.569984337286
"201" 2211.25 671208.5 22.1124977447304 6712.08431542966 22.1124977447304 6712.08431542966
"202" 665 126341 33.250001416392 6317.05026909531 33.250001416392 6317.05026909531
"203" 1238.66662597656 736538.5 123.866658175448 73653.8473704576 123.866658175448 73653.8473704576
"204" 488.25 24144.5 4.88249950203034 241.444975374852 4.88249950203034 241.444975374852
"205" 311 22006.5 3.10999968280888 220.064977555414 3.10999968280888 220.064977555414
"206" 612.666687011719 21824.5 30.6333356555126 1091.22504648428 30.6333356555126 1091.22504648428
"207" 287.666656494141 8511.5 2.87666627154813 85.1149913190604 2.87666627154813 85.1149913190604
"208" 268.75 34832.5 2.68749972589996 348.324964474085 2.68749972589996 348.324964474085
"209" 694.25 76055 6.94249929192947 760.549922430963 6.94249929192947 760.549922430963
"210" 554 1396194 5.53999943497145 13961.9385760118 5.53999943497145 13961.9385760118
"211" 190.66667175293 14416 9.53333399374987 720.800030704823 9.53333399374987 720.800030704823
"212" 907 10405 9.06999907494423 104.049989387866 9.06999907494423 104.049989387866
"213" 272.333343505859 99922 2.72333315730387 999.219898088839 2.72333315730387 999.219898088839
"214" 1658.66662597656 905153.5 16.5866645680797 9051.53407682749 16.5866645680797 9051.53407682749
"215" 239 95854 11.9500005090492 4792.70020416066 11.9500005090492 4792.70020416066
"216" 477.25 47093.5 4.77249951324932 470.934951969003 4.77249951324932 470.934951969003
"217" 12500 23738.5 124.999987251161 237.384975788935 124.999987251161 237.384975788935
"218" 1346.66662597656 23648.5 67.3333341671106 1182.42505036924 67.3333341671106 1182.42505036924
"219" 1843 5783 18.4299981203112 57.8299941018771 18.4299981203112 57.8299941018771
"220" 183 43193.5 1.82999981335699 431.934955946641 1.82999981335699 431.934955946641
"221" 220.75 6904.5 2.2074997748555 69.0449929580512 2.2074997748555 69.0449929580512
"222" 103 1217.5 1.02999989494957 12.1749987582631 1.02999989494957 12.1749987582631
"223" 8605 8949 86.0499912236991 89.4899908728511 86.0499912236991 89.4899908728511
"224" 117.75 883 116.572501231815 874.170009237308 116.572501231815 874.170009237308
"225" 368.666656494141 51815.5 3.68666618893565 518.154947153002 3.68666618893565 518.154947153002
"226" 9696.5 15987645 5333.07512836234 8793204.96164457 5333.07512836234 8793204.96164457
"227" 272.75 18316.5 2.72749972182033 183.164981318871 2.72749972182033 183.164981318871
"228" 103.5 17191 1.03499989443961 171.909982466776 1.03499989443961 171.909982466776
"229" 89.5 7710.5 0.894999908718312 77.1049921360061 0.894999908718312 77.1049921360061
"230" 3604 72120.5 36.0399963242547 721.204926443788 36.0399963242547 721.204926443788
"231" 62049.5 9216 620.494936715272 92.1599906005359 620.494936715272 92.1599906005359
"232" 1096.33337402344 27147.5 10.9633326220761 271.474972312071 10.9633326220761 271.474972312071
"233" 342.25 23834.5 34.2249987781211 2383.4499149076 34.2249987781211 2383.4499149076
"234" 446.666656494141 42724 4.4666661093829 427.239956425488 4.4666661093829 427.239956425488
"235" 8650.25 323320 86.5024911775483 3233.19967024363 86.5024911775483 3233.19967024363
"236" 251.33332824707 17827 2.51333302613405 178.269981818116 2.51333302613405 178.269981818116
"237" 76.6666641235352 4382 0.766666563042474 43.8199955307669 0.766666563042474 43.8199955307669
"238" 660.75 6511 6.60749932609636 65.1099933593847 6.60749932609636 65.1099933593847
"239" 423 44159.5 4.22999956857928 441.594954961411 4.22999956857928 441.594954961411
"240" 1496.5 4137998.5 823.075019810678 2275899.22977886 823.075019810678 2275899.22977886
"241" 106.25 46939 1.06249989163487 469.389952126579 1.06249989163487 469.389952126579
"242" 997.5 50922 9.97499898264264 509.219948064289 9.97499898264264 509.219948064289
"243" 90.75 8641 0.907499907443428 86.4099911869825 0.907499907443428 86.4099911869825
"244" 299.5 37963 164.725003964783 20879.6505025545 164.725003964783 20879.6505025545
"245" 169 23200 8.45000035995526 1160.00004941398 8.45000035995526 1160.00004941398
"246" 167.66667175293 12437 1.67666654652486 124.369987315415 1.67666654652486 124.369987315415
"247" 391.5 12713.5 3.91499960070636 127.134987033411 3.91499960070636 127.134987033411
"248" 148.5 33197 1.48499984854379 331.969966142143 1.48499984854379 331.969966142143
"249" 577 11879.5 5.76999941151358 118.794987884013 5.76999941151358 118.794987884013
"250" 12204.5 5657.5 122.044987552543 56.5749942298754 122.044987552543 56.5749942298754
"251" 361.666656494141 24780 3.616666196075 247.799974726701 3.616666196075 247.799974726701
"252" 460.333343505859 8493 4.60333296556133 84.9299913379287 4.60333296556133 84.9299913379287
"253" 410.666656494141 117291 41.0666641832784 11729.0995812552 41.0666641832784 11729.0995812552
"254" 155.5 4249.5 1.55499984140444 42.4949956659046 1.55499984140444 42.4949956659046
"255" 1531 24948 15.3099984385222 249.479974555357 15.3099984385222 249.479974555357
"256" 1696.75 91700 169.674993942372 9169.99967261856 169.674993942372 9169.99967261856
"257" 1794.75 697048 17.9474981695217 6970.47928907577 17.9474981695217 6970.47928907577
"258" 1589.66662597656 23819 158.966656922331 2381.89991496294 158.966656922331 2381.89991496294
"259" 832 86587.5 8.31999915143727 865.874911688791 8.31999915143727 865.874911688791
"260" 161.25 23221.5 1.61249983553997 232.214976316227 1.61249983553997 232.214976316227
"261" 335.75 49112 3.35749965756618 491.119949910321 3.35749965756618 491.119949910321
"262" 250.66667175293 43322 25.0666662803789 4332.19984533458 25.0666662803789 4332.19984533458
"263" 236.66667175293 5734 2.36666647615127 57.3399941518525 2.36666647615127 57.3399941518525
"264" 676.25 97575.5 6.7624993102878 975.754900482052 6.7624993102878 975.754900482052
"265" 60.5 24084 0.604999938295618 240.839975436557 0.604999938295618 240.839975436557
"266" 389.666656494141 246848.5 3.8966661675176 2468.48474823745 3.8966661675176 2468.48474823745
"267" 268.5 10931 2.68499972615493 109.309988851395 2.68499972615493 109.309988851395
"268" 563 107533 5.62999942579228 1075.32989032633 5.62999942579228 1075.32989032633
"269" 25107.5 20764054 251.074974392682 207640.518822593 251.074974392682 207640.518822593
"270" 218 3623 215.820002280558 3586.77003790121 215.820002280558 3586.77003790121
"271" 883 13546.5 44.150001880713 677.325028852864 44.150001880713 677.325028852864
"272" 10097.75 40321.5 100.977489701233 403.214958875815 100.977489701233 403.214958875815
"273" 2608.33325195312 95295 26.0833298592736 952.94990280795 26.0833298592736 952.94990280795
"274" 9068 57446.5 90.6799907514821 574.464941409905 90.6799907514821 574.464941409905
"275" 84.3333358764648 448051 46.383335848461 246428.055931303 46.383335848461 246428.055931303
"276" 350.5 7633.5 35.0499987486674 763.349972747369 35.0499987486674 763.349972747369
"277" 265 23288 2.64999972972461 232.879976248403 2.64999972972461 232.879976248403
"278" 60 30105 0.599999938805572 301.049969295696 0.599999938805572 301.049969295696
"279" 503.333343505859 134776 50.3333325536176 13477.5995188314 50.3333325536176 13477.5995188314
"280" 391.333343505859 579987.5 3.91333303593493 5799.87440846661 3.91333303593493 5799.87440846661
"281" 532.666687011719 29036 26.6333354851195 1451.80006184415 26.6333354851195 1451.80006184415
"282" 902 117027.5 9.01999908004377 1170.27488064282 9.01999908004377 1170.27488064282
"283" 1320 10361.5 13.1999986537226 103.614989432232 13.1999986537226 103.614989432232
"284" 13870.6669921875 2530 1387.06664969859 252.999990967557 1387.06664969859 252.999990967557
"285" 1036.66662597656 56494.5 103.666658896616 5649.44979830697 103.666658896616 5649.44979830697
"286" 2654.25 27248.5 26.5424972929115 272.484972209061 26.5424972929115 272.484972209061
"287" 553.333312988281 12494 5.53333256553422 124.93998725728 5.53333256553422 124.93998725728
"288" 12 3439 0.119999987761114 34.3899964925394 0.119999987761114 34.3899964925394
"289" 66.5 7491.5 0.664999932176176 74.9149923593657 0.664999932176176 74.9149923593657
"290" 86.3333358764648 135071 0.863333270712663 1350.70986224012 0.863333270712663 1350.70986224012
"291" 499.5 64692.5 4.99499949055639 646.924934019658 4.99499949055639 646.924934019658
"292" 89 9563 0.889999909228265 95.6299902466281 0.889999909228265 95.6299902466281
"293" 32 4434.5 0.319999967362972 44.3449954772218 0.319999967362972 44.3449954772218
"294" 3953 1604474.5 395.299985887254 160447.444271808 395.299985887254 160447.444271808
"295" 2508 93997 25.0799974420729 939.969904131789 25.0799974420729 939.969904131789
"296" 97.3333358764648 14350.5 0.973333259493685 143.504985363823 0.973333259493685 143.504985363823
"297" 1336.5 9444 13.3649986368941 94.439990367997 13.3649986368941 94.439990367997
"298" 27 3060.5 0.269999972462507 30.6049968785742 0.269999972462507 30.6049968785742
"299" 59 4001 0.589999939825479 40.0099959193516 0.589999939825479 40.0099959193516
"300" 423 15424.5 4.22999956857928 154.244984268442 4.22999956857928 154.244984268442
"301" 619.75 883434.5 30.9875013200135 44171.7268816384 30.9875013200135 44171.7268816384
"302" 842.333312988281 4326.5 8.42333227078106 43.2649955873718 8.42333227078106 43.2649955873718
"303" 434.333343505859 6200 4.34333299207892 61.9999936765758 4.34333299207892 61.9999936765758
"304" 94 3161.5 0.93999990412873 31.6149967755636 0.93999990412873 31.6149967755636
"305" 47 14438.5 0.469999952064365 144.384985274071 0.469999952064365 144.384985274071
"306" 430 25946.5 4.29999956143993 259.46497353698 4.29999956143993 259.46497353698
"307" 1600 8871 159.999994287783 887.099968329326 159.999994287783 887.099968329326
"308" 900 6014 8.99999908208358 60.1399938662785 8.99999908208358 60.1399938662785
"309" 192.5 5328 1.92499980366788 53.2799945659348 1.92499980366788 53.2799945659348
"310" 506.666656494141 684499 5.06666604818847 6844.98930187459 5.06666604818847 6844.98930187459
"311" 1600 71096.5 80.0000034078605 3554.82515142935 80.0000034078605 3554.82515142935
"312" 554 69414 55.3999980221448 6941.3997521826 55.3999980221448 6941.3997521826
"313" 675 24671 67.4999975901584 2467.09991192118 67.4999975901584 2467.09991192118
"314" 422.5 127048.5 4.22499956908924 1270.48487042233 4.22499956908924 1270.48487042233
"315" 90 5481 0.899999908208358 54.809994409889 0.899999908208358 54.809994409889
"316" 300 17103.5 29.9999989289593 1710.34993893818 29.9999989289593 1710.34993893818
"317" 1100 36331.5 10.9999988781022 363.314962945244 10.9999988781022 363.314962945244
"318" 640 2229935.5 6.39999934725944 22299.3527256729 6.39999934725944 22299.3527256729
"319" 1350 19439 13.4999986231254 194.389980174025 13.4999986231254 194.389980174025
"320" 160 14639 1.59999983681486 146.389985069579 1.59999983681486 146.389985069579
"321" 269.333343505859 17788.5 2.6933331603636 177.884981857382 2.6933331603636 177.884981857382
"322" 250 3318.5 2.49999974502322 33.1849966154382 2.49999974502322 33.1849966154382
"323" 100 11466.5 9.99999964298643 1146.64995906304 9.99999964298643 1146.64995906304
"324" 2804.5 39063.5 28.0449971396704 390.634960158858 28.0449971396704 390.634960158858
"325" 330 51475.5 3.29999966343065 514.75494749977 3.29999966343065 514.75494749977
"326" 688 17812.5 6.87999929830389 178.124981832904 6.87999929830389 178.124981832904
"327" 50 9525 0.499999949004643 95.2499902853846 0.499999949004643 95.2499902853846
"328" 61 34923.5 0.609999937785665 349.234964381273 0.609999937785665 349.234964381273
"329" 250 17657 2.49999974502322 176.5699819915 2.49999974502322 176.5699819915
"330" 210 8885.5 20.9999992502715 888.549968277559 20.9999992502715 888.549968277559
"331" 379.333343505859 98949 208.63334394984 54421.9513098876 208.63334394984 54421.9513098876
"332" 134.25 5941 132.907501404427 5881.59006215045 132.907501404427 5881.59006215045
"333" 1700 20905 16.9999982661579 209.049978678841 16.9999982661579 209.049978678841
"334" 400 271587 220.000005295203 149372.853595271 220.000005295203 149372.853595271
"335" 120 25656 1.19999987761114 256.559973833263 1.19999987761114 256.559973833263
"336" 688 15721.5 6.87999929830389 157.21498396553 6.87999929830389 157.21498396553
"337" 290 35480.5 14.5000006176747 1774.02507557037 14.5000006176747 1774.02507557037
"338" 500 11798.5 49.9999982149321 1179.84995787775 49.9999982149321 1179.84995787775
"339" 1000 9059 9.99999898009287 90.5899907606613 9.99999898009287 90.5899907606613
"340" 460 2094912 4.59999953084272 20949.1178633843 4.59999953084272 20949.1178633843
"341" 122 3053 1.21999987557133 30.5299968862235 1.21999987557133 30.5299968862235
"342" 255 12254.5 2.54999973992368 122.544987501548 2.54999973992368 122.544987501548
"343" 1434.25 201806 14.3424985371982 2018.05979417662 14.3424985371982 2018.05979417662
"344" 95.3333358764648 10735 9.53333324729354 1073.49996167459 9.53333324729354 1073.49996167459
