"emp" "co2" "grandf_emp" "grandf_co2" "bench_emp" "bench_co2"
"1" 667.25 2038472 0.00196774350479245 1.55451190471649 1.697545170784 1343.58728027344
"2" 314.5 32217 0.000167966325534508 0.107307232916355 0.0407377295196056 26.0082035064697
"3" 345.25 252773.5 0.000708131759893149 0.518456041812897 0.613178312778473 448.936218261719
"4" 687.75 8379 1.38645555125549e-05 0.00678984634578228 0.0224015116691589 10.9566450119019
"5" 204.5 492647 0.00187945342622697 1.38235807418823 1.59817945957184 1181.88708496094
"6" 9665.5 34301.5 0.000158484835992567 0.106432236731052 0.111232131719589 74.5379257202148
"7" 1025.75 329285 0.00119048287160695 0.993899285793304 1.09694480895996 797.842956542969
"8" 457.25 77883.5 0.000276068545645103 0.265726685523987 0.281358957290649 151.841598510742
"9" 93.25 46789 0.000265983922872692 0.133459746837616 0.221351966261864 111.065277099609
"10" 243 45605 0.000577684608288109 0.370485544204712 0.496621698141098 316.933746337891
"11" 351 35480.5 0.000122385026770644 0.155982673168182 0.0690734311938286 87.8354568481445
"12" 227.5 112231.5 0.00131760537624359 1.07096529006958 1.25656163692474 899.233703613281
"13" 1612.75 282864 0.00103034649509937 0.755550384521484 0.957232594490051 700.61474609375
"14" 153.75 22680.5 0.000116693830932491 0.124969504773617 0.0446359030902386 47.714900970459
"15" 4815.5 33439 3.93313712265808e-05 0.059166993945837 0.125406980514526 12.8127727508545
"16" 90.75 19809.5 0.000249047065153718 0.223673298954964 0.292703062295914 129.172698974609
"17" 37.25 19170 3.34195283357985e-05 0.017198720946908 0.037956640124321 19.5336589813232
"18" 99.75 12938.5 1.01877421911922e-05 0.0426771752536297 0.0106249749660492 44.3610420227051
"19" 640.75 653237 0.000606684887316078 0.475097924470901 0.577021479606628 451.962646484375
"20" 293.25 12723.5 2.3680857339059e-05 0.0351896025240421 0.0277750827372074 41.1441307067871
"21" 193.25 66441.5 0.000360269827069715 0.314455389976501 0.389355570077896 213.036331176758
"22" 445.75 133826.5 0.000207190387300216 0.238475903868675 0.17152450978756 197.209732055664
"23" 19886.333984375 45622.5 0.000644583604298532 0.371984124183655 0.553813576698303 317.389465332031
"24" 2563 1962 1.63550429402765e-23 1.25199349072549e-23 1.63550429402765e-23 1.25199349072549e-23
"25" 129.5 90526.5 6.93614056217484e-05 0.0484868362545967 0.140398323535919 98.1449356079102
"26" 164.33332824707 44285 5.78045619477052e-05 0.015577333047986 0.138470023870468 37.3152847290039
"27" 117.5 7554.5 8.68472343427129e-05 0.00558372307568789 8.68472343427129e-05 0.00558372307568789
"28" 1180.66662597656 276985 0.000302855565678328 0.282243698835373 0.299519896507263 278.924926757812
"29" 328.333343505859 1506850 0.00207778578624129 1.48535203933716 1.78526985645294 1282.11901855469
"30" 399.75 15416 0.000123455509310588 0.035449780523777 0.0509585849940777 108.202774047852
"31" 127.333335876465 4955 5.12983699962888e-09 1.99620487251195e-07 5.12983699962888e-09 1.99620487251195e-07
"32" 360 21133.5 2.3568638425786e-05 0.0225349199026823 0.10180538892746 96.9213027954102
"33" 218 9498 0.000181666866410524 0.151244401931763 0.0663151741027832 54.9081993103027
"34" 794 283793 0.00114944600500166 0.774257600307465 0.890784204006195 702.078735351562
"35" 986.75 66350 0.000104329614259768 0.105487026274204 0.0914667174220085 92.3613891601562
"36" 49600 116261.5 0.000526058836840093 0.276876956224442 0.376860111951828 291.271179199219
"37" 2130.33325195312 36650 1.30163398353034e-05 0.0246623177081347 0.00143353221938014 2.71594429016113
"38" 99 1541153 0.00206983089447021 1.51449012756348 1.78213608264923 1326.71887207031
"39" 4799.66650390625 178571.5 0.000456306850537658 0.270522087812424 0.291543245315552 273.779083251953
"40" 371.333343505859 291051 0.000383601378416643 0.300666689872742 0.271709740161896 212.966033935547
"41" 138 39720 0.000186078526894562 0.166118934750557 0.165477737784386 147.356948852539
"42" 498 25858.5 0.000102483259979635 0.00532141234725714 0.0802885591983795 4.16895914077759
"43" 45124 6159 1.54579106492747e-06 0.000312314019538462 0.00228817295283079 0.462271362543106
"44" 273.25 94245.5 0.000323528802255169 0.289720743894577 0.257083237171173 229.873794555664
"45" 560.5 54586.5 0.000268342439085245 0.135711684823036 0.195080980658531 98.5168151855469
"46" 503.5 15053 9.63111233431846e-05 0.00287938700057566 0.00484217656776309 7.27489519119263
"47" 2832 271872 0.0010951062431559 0.764853298664093 0.963759541511536 671.684265136719
"48" 72 166853 0.000531779951415956 0.426832854747772 0.435969769954681 351.319671630859
"49" 484.333343505859 76599 0.000139490759465843 0.071359321475029 0.159721508622169 81.6486587524414
"50" 292.666656494141 32058 0.000377877498976886 0.237743332982063 0.410703927278519 256.689025878906
"51" 102 5290 4.69985224071934e-07 0.119692407548428 0.0023078687954694 0.119692407548428
"52" 423 138553 0.000173299471498467 0.142321825027466 0.107914417982101 88.5904769897461
"53" 337 20318.5 8.44824626256013e-06 0.0425628572702408 0.0589789897203445 3.55597805976868
"54" 1302 1500782 0.00579852610826492 4.26447486877441 5.03544807434082 3708.46142578125
"55" 435.333343505859 12039.5 9.88431807513734e-08 0.00479080202057958 0.000173229433130473 8.39036273956299
"56" 750.75 19081 0.000316419202135876 0.151667445898056 0.234456971287727 111.758460998535
"57" 1054.33337402344 208400.5 0.000335507560521364 0.22512811422348 0.278628706932068 186.843872070312
"58" 450.666656494141 464002 0.000605512352194637 0.473789066076279 0.577603816986084 452.090698242188
"59" 3479.33325195312 7206587 0.0149051155894995 11.1594591140747 13.0685558319092 9807.923828125
"60" 552.75 2712 4.26368169428315e-05 0.000209192294278182 4.26368169428315e-05 0.000209192294278182
"61" 320 391649.5 0.000463992764707655 0.235558867454529 0.340601891279221 268.583526611328
"62" 350 7557.5 1.96028891903677e-12 0.0056275799870491 0.000260622298810631 0.0056275799870491
"63" 113 9261.5 1.27232606672578e-08 1.04280070445384e-06 0.0119291748851538 0.977717280387878
"64" 631 5893.5 1.65754499903414e-05 0.000154813649714924 0.0340880863368511 0.318380564451218
"65" 1696 234937.5 0.000465179153252393 0.297880351543427 0.456597447395325 292.100433349609
"66" 1185 64638.5 0.000394668109947816 0.235911995172501 0.321665525436401 191.75715637207
"67" 763.25 135174.5 0.000255325634498149 0.153028577566147 0.208426848053932 229.476425170898
"68" 913 268811.5 0.000452289823442698 0.363266706466675 0.508159279823303 291.9453125
"69" 219.66667175293 4700.5 1.32072943870298e-06 2.82614037132589e-05 0.018828984349966 0.402908802032471
"70" 156.33332824707 19246 0.000314477627398446 0.166024267673492 0.219943046569824 115.582038879395
"71" 397.5 45813 9.50967150856741e-05 0.143836617469788 0.0593246035277843 89.5684356689453
"72" 1274 2493377 0.00310634984634817 2.19105291366577 2.6394031047821 1972.82055664062
"73" 1096 20602 2.8256932637305e-05 0.0417616963386536 0.0196992605924606 29.0735721588135
"74" 5767 1242947.5 0.00472342176362872 3.48243117332458 4.08912229537964 3120.2021484375
"75" 1109.66662597656 38359 9.60545512498356e-05 0.11176336556673 0.108815662562847 126.207595825195
"76" 86.6666641235352 149319 0.00188560900278389 1.39630424976349 1.58979153633118 1189.67883300781
"77" 141 6279 2.80756285064854e-06 0.0172866843640804 0.053652286529541 2.38923907279968
"78" 183.75 12252 1.70254206750542e-05 0.00113521330058575 1.70254206750542e-05 36.9953155517578
"79" 1191.25 33486 1.44940340760513e-05 0.0182722043246031 0.0291515570133924 36.7111434936523
"80" 94 120397.5 0.000436528760474175 0.384877681732178 0.361069202423096 318.727722167969
"81" 542.75 39785 0.000244361348450184 0.184804663062096 0.268229246139526 201.926452636719
"82" 42.5 98597.5 0.000148066319525242 0.137992963194847 0.217195376753807 81.6654434204102
"83" 82.6666641235352 25525.5 0.000271647120825946 0.251415193080902 0.339674919843674 181.041015625
"84" 30 5780.5 6.4330229179177e-06 0.00123953633010387 6.4330229179177e-06 0.00123953633010387
"85" 643 35177.5 0.000171582752955146 0.120969012379646 0.0284937955439091 20.0781402587891
"86" 1630 217627 0.000456927315099165 0.318533092737198 0.339537560939789 236.490676879883
"87" 1356.33337402344 111809.5 0.00038880278589204 0.357819765806198 0.361783027648926 332.053863525391
"88" 112 38169.5 9.5354815130122e-05 0.105536699295044 0.111760646104813 123.417762756348
"89" 203.33332824707 42758 0.000100470424513333 0.0211274493485689 0.055196937173605 94.8873519897461
"90" 180 44733 0.00010377072612755 0.0257887542247772 0.0576607547700405 14.3296585083008
"91" 375 11697 1.29570062199491e-05 0.000404154940042645 1.29570062199491e-05 21.5936737060547
"92" 382.333343505859 37256 3.42413750331616e-06 0.0340416170656681 0.0356386601924896 3.47276520729065
"93" 53.6666679382324 9973.5 9.67513983596291e-07 0.000179804366780445 0.00796510651707649 1.48024821281433
"94" 12085.6669921875 8909057 0.0338951088488102 25.3672428131104 29.3880424499512 22104.318359375
"95" 1700 412467.5 0.00162468664348125 1.17248475551605 1.3979058265686 1007.19091796875
"96" 2600 2078350.5 0.0025422980543226 1.898592710495 2.13474273681641 1594.31555175781
"97" 500 216313 0.000290878844680265 0.241906985640526 0.200344488024712 166.553375244141
"98" 613 198921.5 0.000841827073600143 0.538174629211426 0.590801358222961 472.811004638672
"99" 120 25171.5 0.000340534606948495 0.217438638210297 0.270323514938354 171.817199707031
"100" 875 25256.5 1.98625111806905e-05 0.0201661847531796 0.0245737601071596 24.9255599975586
"101" 446.75 8225 4.46749973297119 82.2499923706055 4.46749973297119 82.2499923706055
"102" 169.75 12360.5 1.69749987125397 123.604988098145 1.69749987125397 123.604988098145
"103" 506.333343505859 60936.5 5.06333303451538 609.364929199219 5.06333303451538 609.364929199219
"104" 230.75 48778 2.3074996471405 487.779937744141 2.3074996471405 487.779937744141
"105" 42 32027 0.419999957084656 320.269958496094 0.419999957084656 320.269958496094
"106" 323.25 26150 3.23249959945679 261.499969482422 3.23249959945679 261.499969482422
"107" 2994.25 220506.5 29.942497253418 2205.06469726562 29.942497253418 2205.06469726562
"108" 292 27035 2.91999959945679 270.349975585938 2.91999959945679 270.349975585938
"109" 687.5 62445.5 68.75 6244.5498046875 68.75 6244.5498046875
"110" 212.5 58959 2.12499976158142 589.589965820312 2.12499976158142 589.589965820312
"111" 17 6941 0.169999986886978 69.4099960327148 0.169999986886978 69.4099960327148
"112" 4326 28065 43.2599945068359 280.649963378906 43.2599945068359 280.649963378906
"113" 3083.75 3514865 154.1875 175743.25 154.1875 175743.25
"114" 435.75 438270.5 4.35749959945679 4382.70458984375 4.35749959945679 4382.70458984375
"115" 1009.75 3687784.5 10.0974988937378 36877.83984375 10.0974988937378 36877.83984375
"116" 475 128432 4.74999952316284 1284.31982421875 4.74999952316284 1284.31982421875
"117" 927.75 8195.5 9.27749919891357 81.9549942016602 9.27749919891357 81.9549942016602
"118" 535 5964 5.34999942779541 59.6399955749512 5.34999942779541 59.6399955749512
"119" 11654.25 771751.5 116.542488098145 7717.51416015625 116.542488098145 7717.51416015625
"120" 581 34009.5 5.80999946594238 340.094970703125 5.80999946594238 340.094970703125
"121" 1054.75 9356.5 10.5474987030029 93.5649871826172 10.5474987030029 93.5649871826172
"122" 1281.75 13325 12.8174991607666 133.249984741211 12.8174991607666 133.249984741211
"123" 206.75 13809.5 2.06749987602234 138.094985961914 2.06749987602234 138.094985961914
"124" 108.75 35496 5.4375 1774.80004882812 5.4375 1774.80004882812
"125" 2186.5 12537.5 21.8649978637695 125.374984741211 21.8649978637695 125.374984741211
"126" 2773.25 2866 27.7324962615967 28.6599979400635 27.7324962615967 28.6599979400635
"127" 434.5 11036.5 4.34499979019165 110.364990234375 4.34499979019165 110.364990234375
"128" 224 19485 2.23999977111816 194.849975585938 2.23999977111816 194.849975585938
"129" 151.25 41825 1.51249980926514 418.249969482422 1.51249980926514 418.249969482422
"130" 102.5 44084 101.474998474121 43643.16015625 101.474998474121 43643.16015625
"131" 171.66667175293 28879.5 1.71666657924652 288.794982910156 1.71666657924652 288.794982910156
"132" 557.5 67179 27.8750019073486 3358.9501953125 27.8750019073486 3358.9501953125
"133" 429 19752 4.28999948501587 197.519973754883 4.28999948501587 197.519973754883
"134" 285.5 105363 2.85499978065491 1053.6298828125 2.85499978065491 1053.6298828125
"135" 394.5 1477307 3.94499969482422 14773.068359375 3.94499969482422 14773.068359375
"136" 47 14271.5 0.469999939203262 142.714981079102 0.469999939203262 142.714981079102
"137" 142.75 15631.5 1.42749989032745 156.314987182617 1.42749989032745 156.314987182617
"138" 677.5 97528.5 6.77499914169312 975.284912109375 6.77499914169312 975.284912109375
"139" 53 19557.5 5.29999971389771 1955.74987792969 5.29999971389771 1955.74987792969
"140" 247 195850 2.46999979019165 1958.49975585938 2.46999979019165 1958.49975585938
"141" 314 20336.5 3.13999962806702 203.364974975586 3.13999962806702 203.364974975586
"142" 702.5 67126.5 7.02499914169312 671.264953613281 7.02499914169312 671.264953613281
"143" 447 20618 4.46999931335449 206.179977416992 4.46999931335449 206.179977416992
"144" 183.25 24956.5 1.83249986171722 249.564971923828 1.83249986171722 249.564971923828
"145" 295.25 46779.5 2.95249962806702 467.794952392578 2.95249962806702 467.794952392578
"146" 279.333343505859 35323 2.79333305358887 353.229949951172 2.79333305358887 353.229949951172
"147" 3350 63014.5 33.4999961853027 630.144958496094 33.4999961853027 630.144958496094
"148" 378 30748.5 3.77999973297119 307.484954833984 3.77999973297119 307.484954833984
"149" 1768 18655.5 176.799987792969 1865.54992675781 176.799987792969 1865.54992675781
"150" 284.666656494141 790184.5 281.820007324219 782282.6875 281.820007324219 782282.6875
"151" 244.5 31897 242.05500793457 31578.03125 242.05500793457 31578.03125
"152" 2287.5 601101.5 2264.625 595090.5 2264.625 595090.5
"153" 783.666687011719 3170.5 7.83666610717773 31.7049961090088 7.83666610717773 31.7049961090088
"154" 152.33332824707 28369.5 1.52333307266235 283.694976806641 1.52333307266235 283.694976806641
"155" 256 55620 253.440002441406 55063.80078125 253.440002441406 55063.80078125
"156" 195.33332824707 46143 1.95333313941956 461.429962158203 1.95333313941956 461.429962158203
"157" 166.75 1155355.5 91.7125015258789 635445.5625 91.7125015258789 635445.5625
"158" 355.5 19633 3.55499958992004 196.329986572266 3.55499958992004 196.329986572266
"159" 1293.66662597656 4427938 12.9366645812988 44279.375 12.9366645812988 44279.375
"160" 7075 57481.5 70.7499923706055 574.81494140625 70.7499923706055 574.81494140625
"161" 91 25439.5 90.0900039672852 25185.10546875 90.0900039672852 25185.10546875
"162" 398.75 77709.5 3.98749947547913 777.094909667969 3.98749947547913 777.094909667969
"163" 132.5 125.5 1.32499980926514 1.25499987602234 1.32499980926514 1.25499987602234
"164" 177.25 273146 1.77249979972839 2731.45971679688 1.77249979972839 2731.45971679688
"165" 19926.25 25210 199.262481689453 252.099975585938 199.262481689453 252.099975585938
"166" 150 439803.5 1.49999988079071 4398.03466796875 1.49999988079071 4398.03466796875
"167" 348.5 106750 3.48499965667725 1067.49987792969 3.48499965667725 1067.49987792969
"168" 476 119666 4.75999975204468 1196.65991210938 4.75999975204468 1196.65991210938
"169" 239.75 10879.5 2.39749979972839 108.794990539551 2.39749979972839 108.794990539551
"170" 3726.5 16022 186.325012207031 801.100036621094 186.325012207031 801.100036621094
"171" 1475 24938 14.7499980926514 249.379974365234 14.7499980926514 249.379974365234
"172" 1476 17922.5 14.7599983215332 179.224975585938 14.7599983215332 179.224975585938
"173" 1362.5 75658.5 136.25 7565.849609375 136.25 7565.849609375
"174" 1028.33337402344 53656 10.283332824707 536.559936523438 10.283332824707 536.559936523438
"175" 3400 46275 33.9999961853027 462.749938964844 33.9999961853027 462.749938964844
"176" 252 2171.5 2.51999974250793 21.7149982452393 2.51999974250793 21.7149982452393
"177" 730.5 154835 723.195007324219 153286.65625 723.195007324219 153286.65625
"178" 2400 11544 23.9999980926514 115.439987182617 23.9999980926514 115.439987182617
"179" 92072.75 2233201 920.727416992188 22332.0078125 920.727416992188 22332.0078125
"180" 196 9806 1.95999979972839 98.0599899291992 1.95999979972839 98.0599899291992
"181" 10188.75 18565 101.887489318848 185.649978637695 101.887489318848 185.649978637695
"182" 377.333343505859 44420 3.77333307266235 444.199951171875 3.77333307266235 444.199951171875
"183" 180 16212 1.79999983310699 162.119979858398 1.79999983310699 162.119979858398
"184" 788.75 374167 78.875 37416.69921875 78.875 37416.69921875
"185" 134.5 5517.5 1.34499990940094 55.1749954223633 1.34499990940094 55.1749954223633
"186" 850.666687011719 1989574.5 467.86669921875 1094266 467.86669921875 1094266
"187" 2558.25 13468 25.5824966430664 134.679992675781 25.5824966430664 134.679992675781
"188" 130 285941 13 28594.099609375 13 28594.099609375
"189" 114 9809.5 1.1399998664856 98.0949935913086 1.1399998664856 98.0949935913086
"190" 181.5 119483 1.81499981880188 1194.82983398438 1.81499981880188 1194.82983398438
"191" 5442.5 10136 54.4249954223633 101.359992980957 54.4249954223633 101.359992980957
"192" 570.333312988281 156764.5 5.70333242416382 1567.64489746094 5.70333242416382 1567.64489746094
"193" 667.25 2231.5 66.7249984741211 223.149993896484 66.7249984741211 223.149993896484
"194" 202 14579 2.01999974250793 145.789978027344 2.01999974250793 145.789978027344
"195" 261.333343505859 29355.5 2.61333322525024 293.554962158203 2.61333322525024 293.554962158203
"196" 1524.25 21121.5 15.2424983978271 211.214981079102 15.2424983978271 211.214981079102
"197" 642 131663 6.41999912261963 1316.6298828125 6.41999912261963 1316.6298828125
"198" 254.33332824707 34312.5 2.54333305358887 343.124969482422 2.54333305358887 343.124969482422
"199" 2879.5 89231.5 28.7949962615967 892.314880371094 28.7949962615967 892.314880371094
"200" 825.5 15357 8.2549991607666 153.569976806641 8.2549991607666 153.569976806641
"201" 2211.25 671208.5 22.1124973297119 6712.08447265625 22.1124973297119 6712.08447265625
"202" 665 126341 33.25 6317.05029296875 33.25 6317.05029296875
"203" 1238.66662597656 736538.5 123.866661071777 73653.84375 123.866661071777 73653.84375
"204" 488.25 24144.5 4.88249969482422 241.444976806641 4.88249969482422 241.444976806641
"205" 311 22006.5 3.10999965667725 220.064971923828 3.10999965667725 220.064971923828
"206" 612.666687011719 21824.5 30.6333351135254 1091.22509765625 30.6333351135254 1091.22509765625
"207" 287.666656494141 8511.5 2.87666630744934 85.114990234375 2.87666630744934 85.114990234375
"208" 268.75 34832.5 2.68749976158142 348.324951171875 2.68749976158142 348.324951171875
"209" 694.25 76055 6.9424991607666 760.549926757812 6.9424991607666 760.549926757812
"210" 554 1396194 5.53999948501587 13961.9384765625 5.53999948501587 13961.9384765625
"211" 190.66667175293 14416 9.53333377838135 720.800048828125 9.53333377838135 720.800048828125
"212" 907 10405 9.0699987411499 104.049987792969 9.0699987411499 104.049987792969
"213" 272.333343505859 99922 2.72333312034607 999.219909667969 2.72333312034607 999.219909667969
"214" 1658.66662597656 905153.5 16.5866641998291 9051.5341796875 16.5866641998291 9051.5341796875
"215" 239 95854 11.9500007629395 4792.7001953125 11.9500007629395 4792.7001953125
"216" 477.25 47093.5 4.77249956130981 470.934967041016 4.77249956130981 470.934967041016
"217" 12500 23738.5 124.999984741211 237.384979248047 124.999984741211 237.384979248047
"218" 1346.66662597656 23648.5 67.3333358764648 1182.42504882812 67.3333358764648 1182.42504882812
"219" 1843 5783 18.4299983978271 57.8299942016602 18.4299983978271 57.8299942016602
"220" 183 43193.5 1.82999980449677 431.934967041016 1.82999980449677 431.934967041016
"221" 220.75 6904.5 2.20749974250793 69.0449905395508 2.20749974250793 69.0449905395508
"222" 103 1217.5 1.02999985218048 12.1749982833862 1.02999985218048 12.1749982833862
"223" 8605 8949 86.0499877929688 89.489990234375 86.0499877929688 89.489990234375
"224" 117.75 883 116.57250213623 874.169982910156 116.57250213623 874.169982910156
"225" 368.666656494141 51815.5 3.68666625022888 518.154968261719 3.68666625022888 518.154968261719
"226" 9696.5 15987645 5333.0751953125 8793205 5333.0751953125 8793205
"227" 272.75 18316.5 2.72749972343445 183.164978027344 2.72749972343445 183.164978027344
"228" 103.5 17191 1.03499984741211 171.90998840332 1.03499984741211 171.90998840332
"229" 89.5 7710.5 0.894999921321869 77.1049957275391 0.894999921321869 77.1049957275391
"230" 3604 72120.5 36.0399971008301 721.204956054688 36.0399971008301 721.204956054688
"231" 62049.5 9216 620.494934082031 92.1599884033203 620.494934082031 92.1599884033203
"232" 1096.33337402344 27147.5 10.9633321762085 271.474975585938 10.9633321762085 271.474975585938
"233" 342.25 23834.5 34.2249984741211 2383.44995117188 34.2249984741211 2383.44995117188
"234" 446.666656494141 42724 4.46666622161865 427.239959716797 4.46666622161865 427.239959716797
"235" 8650.25 323320 86.5024948120117 3233.19970703125 86.5024948120117 3233.19970703125
"236" 251.33332824707 17827 2.5133330821991 178.269989013672 2.5133330821991 178.269989013672
"237" 76.6666641235352 4382 0.76666659116745 43.819995880127 0.76666659116745 43.819995880127
"238" 660.75 6511 6.60749912261963 65.109992980957 6.60749912261963 65.109992980957
"239" 423 44159.5 4.22999954223633 441.594940185547 4.22999954223633 441.594940185547
"240" 1496.5 4137998.5 823.075012207031 2275899.25 823.075012207031 2275899.25
"241" 106.25 46939 1.06249988079071 469.389953613281 1.06249988079071 469.389953613281
"242" 997.5 50922 9.97499942779541 509.219940185547 9.97499942779541 509.219940185547
"243" 90.75 8641 0.90749990940094 86.4099884033203 0.90749990940094 86.4099884033203
"244" 299.5 37963 164.725006103516 20879.650390625 164.725006103516 20879.650390625
"245" 169 23200 8.45000076293945 1160 8.45000076293945 1160
"246" 167.66667175293 12437 1.6766664981842 124.369987487793 1.6766664981842 124.369987487793
"247" 391.5 12713.5 3.91499948501587 127.134986877441 3.91499948501587 127.134986877441
"248" 148.5 33197 1.48499989509583 331.969970703125 1.48499989509583 331.969970703125
"249" 577 11879.5 5.76999950408936 118.794990539551 5.76999950408936 118.794990539551
"250" 12204.5 5657.5 122.044990539551 56.5749931335449 122.044990539551 56.5749931335449
"251" 361.666656494141 24780 3.6166660785675 247.79997253418 3.6166660785675 247.79997253418
"252" 460.333343505859 8493 4.60333299636841 84.9299926757812 4.60333299636841 84.9299926757812
"253" 410.666656494141 117291 41.0666656494141 11729.099609375 41.0666656494141 11729.099609375
"254" 155.5 4249.5 1.55499982833862 42.4949951171875 1.55499982833862 42.4949951171875
"255" 1531 24948 15.3099985122681 249.47998046875 15.3099985122681 249.47998046875
"256" 1696.75 91700 169.674987792969 9170 169.674987792969 9170
"257" 1794.75 697048 17.9474983215332 6970.4794921875 17.9474983215332 6970.4794921875
"258" 1589.66662597656 23819 158.966659545898 2381.89990234375 158.966659545898 2381.89990234375
"259" 832 86587.5 8.3199987411499 865.874938964844 8.3199987411499 865.874938964844
"260" 161.25 23221.5 1.61249983310699 232.214981079102 1.61249983310699 232.214981079102
"261" 335.75 49112 3.35749959945679 491.119964599609 3.35749959945679 491.119964599609
"262" 250.66667175293 43322 25.0666656494141 4332.19970703125 25.0666656494141 4332.19970703125
"263" 236.66667175293 5734 2.36666655540466 57.3399925231934 2.36666655540466 57.3399925231934
"264" 676.25 97575.5 6.76249933242798 975.7548828125 6.76249933242798 975.7548828125
"265" 60.5 24084 0.604999959468842 240.839981079102 0.604999959468842 240.839981079102
"266" 389.666656494141 246848.5 3.89666604995728 2468.48486328125 3.89666604995728 2468.48486328125
"267" 268.5 10931 2.68499970436096 109.309989929199 2.68499970436096 109.309989929199
"268" 563 107533 5.62999963760376 1075.32983398438 5.62999963760376 1075.32983398438
"269" 25107.5 20764054 251.074981689453 207640.515625 251.074981689453 207640.515625
"270" 218 3623 215.820007324219 3586.77001953125 215.820007324219 3586.77001953125
"271" 883 13546.5 44.1500015258789 677.325012207031 44.1500015258789 677.325012207031
"272" 10097.75 40321.5 100.977493286133 403.214965820312 100.977493286133 403.214965820312
"273" 2608.33325195312 95295 26.0833301544189 952.949890136719 26.0833301544189 952.949890136719
"274" 9068 57446.5 90.6799926757812 574.464965820312 90.6799926757812 574.464965820312
"275" 84.3333358764648 448051 46.3833351135254 246428.0625 46.3833351135254 246428.0625
"276" 350.5 7633.5 35.0499992370605 763.349975585938 35.0499992370605 763.349975585938
"277" 265 23288 2.64999961853027 232.879974365234 2.64999961853027 232.879974365234
"278" 60 30105 0.599999964237213 301.049957275391 0.599999964237213 301.049957275391
"279" 503.333343505859 134776 50.3333320617676 13477.599609375 50.3333320617676 13477.599609375
"280" 391.333343505859 579987.5 3.91333293914795 5799.87451171875 3.91333293914795 5799.87451171875
"281" 532.666687011719 29036 26.6333351135254 1451.80004882812 26.6333351135254 1451.80004882812
"282" 902 117027.5 9.01999950408936 1170.27490234375 9.01999950408936 1170.27490234375
"283" 1320 10361.5 13.1999988555908 103.614990234375 13.1999988555908 103.614990234375
"284" 13870.6669921875 2530 1387.06665039062 252.999984741211 1387.06665039062 252.999984741211
"285" 1036.66662597656 56494.5 103.666656494141 5649.44970703125 103.666656494141 5649.44970703125
"286" 2654.25 27248.5 26.5424976348877 272.484985351562 26.5424976348877 272.484985351562
"287" 553.333312988281 12494 5.53333234786987 124.939987182617 5.53333234786987 124.939987182617
"288" 12 3439 0.11999998986721 34.3899955749512 0.11999998986721 34.3899955749512
"289" 66.5 7491.5 0.664999961853027 74.9149932861328 0.664999961853027 74.9149932861328
"290" 86.3333358764648 135071 0.863333284854889 1350.70983886719 0.863333284854889 1350.70983886719
"291" 499.5 64692.5 4.99499940872192 646.924926757812 4.99499940872192 646.924926757812
"292" 89 9563 0.88999992609024 95.6299896240234 0.88999992609024 95.6299896240234
"293" 32 4434.5 0.31999996304512 44.3449935913086 0.31999996304512 44.3449935913086
"294" 3953 1604474.5 395.299987792969 160447.4375 395.299987792969 160447.4375
"295" 2508 93997 25.0799980163574 939.969909667969 25.0799980163574 939.969909667969
"296" 97.3333358764648 14350.5 0.973333239555359 143.504989624023 0.973333239555359 143.504989624023
"297" 1336.5 9444 13.3649988174438 94.4399871826172 13.3649988174438 94.4399871826172
"298" 27 3060.5 0.269999980926514 30.6049976348877 0.269999980926514 30.6049976348877
"299" 59 4001 0.589999914169312 40.0099945068359 0.589999914169312 40.0099945068359
"300" 423 15424.5 4.22999954223633 154.244979858398 4.22999954223633 154.244979858398
"301" 619.75 883434.5 30.9875011444092 44171.7265625 30.9875011444092 44171.7265625
"302" 842.333312988281 4326.5 8.42333221435547 43.2649955749512 8.42333221435547 43.2649955749512
"303" 434.333343505859 6200 4.34333276748657 61.9999923706055 4.34333276748657 61.9999923706055
"304" 94 3161.5 0.939999878406525 31.6149959564209 0.939999878406525 31.6149959564209
"305" 47 14438.5 0.469999939203262 144.384979248047 0.469999939203262 144.384979248047
"306" 430 25946.5 4.29999971389771 259.464965820312 4.29999971389771 259.464965820312
"307" 1600 8871 160 887.099975585938 160 887.099975585938
"308" 900 6014 8.99999904632568 60.1399955749512 8.99999904632568 60.1399955749512
"309" 192.5 5328 1.92499983310699 53.2799949645996 1.92499983310699 53.2799949645996
"310" 506.666656494141 684499 5.06666612625122 6844.9892578125 5.06666612625122 6844.9892578125
"311" 1600 71096.5 80 3554.8251953125 80 3554.8251953125
"312" 554 69414 55.3999977111816 6941.39990234375 55.3999977111816 6941.39990234375
"313" 675 24671 67.5 2467.09985351562 67.5 2467.09985351562
"314" 422.5 127048.5 4.22499942779541 1270.48486328125 4.22499942779541 1270.48486328125
"315" 90 5481 0.899999916553497 54.8099937438965 0.899999916553497 54.8099937438965
"316" 300 17103.5 29.9999980926514 1710.34997558594 29.9999980926514 1710.34997558594
"317" 1100 36331.5 10.9999990463257 363.314971923828 10.9999990463257 363.314971923828
"318" 640 2229935.5 6.39999914169312 22299.353515625 6.39999914169312 22299.353515625
"319" 1350 19439 13.4999990463257 194.389984130859 13.4999990463257 194.389984130859
"320" 160 14639 1.59999978542328 146.389984130859 1.59999978542328 146.389984130859
"321" 269.333343505859 17788.5 2.6933331489563 177.884979248047 2.6933331489563 177.884979248047
"322" 250 3318.5 2.49999976158142 33.1849975585938 2.49999976158142 33.1849975585938
"323" 100 11466.5 10 1146.64990234375 10 1146.64990234375
"324" 2804.5 39063.5 28.0449962615967 390.634948730469 28.0449962615967 390.634948730469
"325" 330 51475.5 3.29999971389771 514.754943847656 3.29999971389771 514.754943847656
"326" 688 17812.5 6.8799991607666 178.124984741211 6.8799991607666 178.124984741211
"327" 50 9525 0.499999940395355 95.2499923706055 0.499999940395355 95.2499923706055
"328" 61 34923.5 0.60999995470047 349.234954833984 0.60999995470047 349.234954833984
"329" 250 17657 2.49999976158142 176.569976806641 2.49999976158142 176.569976806641
"330" 210 8885.5 21 888.549987792969 21 888.549987792969
"331" 379.333343505859 98949 208.633346557617 54421.953125 208.633346557617 54421.953125
"332" 134.25 5941 132.907501220703 5881.58984375 132.907501220703 5881.58984375
"333" 1700 20905 16.9999980926514 209.04997253418 16.9999980926514 209.04997253418
"334" 400 271587 220 149372.859375 220 149372.859375
"335" 120 25656 1.19999992847443 256.559967041016 1.19999992847443 256.559967041016
"336" 688 15721.5 6.8799991607666 157.214981079102 6.8799991607666 157.214981079102
"337" 290 35480.5 14.5000009536743 1774.02502441406 14.5000009536743 1774.02502441406
"338" 500 11798.5 50 1179.84997558594 50 1179.84997558594
"339" 1000 9059 9.99999904632568 90.5899887084961 9.99999904632568 90.5899887084961
"340" 460 2094912 4.59999942779541 20949.1171875 4.59999942779541 20949.1171875
"341" 122 3053 1.21999990940094 30.5299968719482 1.21999990940094 30.5299968719482
"342" 255 12254.5 2.54999971389771 122.544990539551 2.54999971389771 122.544990539551
"343" 1434.25 201806 14.3424987792969 2018.05981445312 14.3424987792969 2018.05981445312
"344" 95.3333358764648 10735 9.53333282470703 1073.5 9.53333282470703 1073.5
