"grandf" "bench" "grandf_emp" "bench_emp" "grandf_co2" "bench_co2"
"1" 2038472 1042288 0 0 1429697.625 1327036.625
"2" 32217 53089 35452.34375 17428.267578125 17654.103515625 13728.935546875
"3" 252773.5 696402.5 153198.78125 0 157869.78125 109538.546875
"4" 8379 9581 8009.05712890625 2289.28515625 0 0
"5" 492647 360385 4058.46655273438 0 4742.61572265625 0
"6" 34301.5 26261 61443.71875 35039.80078125 0 0
"7" 329285 449719 63864.3984375 0 3485.87768554688 0
"8" 77883.5 23174.125 30832.572265625 461.029510498047 0 0
"9" 46789 41810 0 0 2696.8203125 2696.8203125
"10" 45605 33524 0 0 0 0
"11" 35480.5 32328 24145.26953125 37.5184669494629 0 0
"12" 112231.5 111005 0 0 0 0
"13" 282864 105174 343778.53125 32154.240234375 194761.1875 116858.2734375
"14" 22680.5 12762.75 9046.9033203125 207.322326660156 1050.41918945312 1050.41918945312
"15" 33439 18401.625 39435.6953125 30434.91796875 16486.357421875 12253.302734375
"16" 19809.5 9947.625 0 0 0 0
"17" 19170 39546 0 0 0 0
"18" 12938.5 11248 3214.06518554688 0 0 0
"19" 653237 1004339 432652.53125 0 457764.75 426320.0625
"20" 12723.5 16360 7883.46240234375 1771.94519042969 0 0
"21" 66441.5 29560 0 0 0 0
"22" 133826.5 261154 88741.3203125 23091.59765625 65992.703125 52409.109375
"23" 45622.5 8433 218848.484375 114436.9921875 0 0
"24" 1962 24886 10485.048828125 2503.25146484375 0 0
"25" 90526.5 20505.625 61544.49609375 0 66077.890625 60435.65625
"26" 44285 23448.75 31058.17578125 25332.916015625 29476.58203125 29476.58203125
"27" 7554.5 756 6179.12939453125 6179.12939453125 4502.16943359375 4502.16943359375
"28" 276985 37851 291916.21875 210359.515625 250868.6875 233203.84375
"29" 1506850 1462211 2710.34301757812 0 1368450.75 1266579.75
"30" 15416 18953 10641.998046875 0 0 0
"31" 4955 61537 4096.9501953125 4096.9501953125 2621.16259765625 2621.16259765625
"32" 21133.5 26352 23993.115234375 15029.73046875 13218.3681640625 8898.8056640625
"33" 9498 9026 15808.9814453125 969.205932617188 0 0
"34" 283793 79264 37942.35546875 0 1414.47253417969 1414.47253417969
"35" 66350 119431 60659.16015625 34654.7421875 32619.0625 24213.423828125
"36" 116261.5 67757.125 310934.3125 228970.078125 78966.78125 48750.76953125
"37" 36650 30063 33968.73046875 30448.736328125 23759.333984375 23759.333984375
"38" 1541153 1049261 0 0 1403868.125 1296292.25
"39" 178571.5 2896549.5 336796.46875 262149.375 234895.046875 213177.796875
"40" 291051 99111 255766.453125 0 265381.4375 243352.171875
"41" 39720 12002 4667.49365234375 0 0 0
"42" 25858.5 29312 20677.6875 19094.5 15923.4990234375 15923.4990234375
"43" 6159 6965 14199.49609375 12774.98828125 0 0
"44" 94245.5 43876 10735.1884765625 0 5676.412109375 0
"45" 54586.5 104457 32981.28515625 382.263061523438 0 0
"46" 15053 90828 18389.716796875 14105.619140625 7950.9287109375 7950.9287109375
"47" 271872 68619 165232.625 1144.53576660156 4488.9111328125 0
"48" 166853 83325 0 0 103742.8828125 72930.234375
"49" 76599 56449 60868.25 27559.537109375 39602.29296875 30021.310546875
"50" 32058 18452 14253.97265625 0 0 0
"51" 5290 3050.375 1355.51416015625 38.7900848388672 0 0
"52" 138553 124089 135706.21875 0 125496.5859375 116660.5390625
"53" 20318.5 20471 14901.0009765625 11073.7177734375 8186.84912109375 8186.84912109375
"54" 1500782 1276579 582099.5 0 1049640.625 624544.625
"55" 12039.5 13097 9350.4365234375 7934.88671875 3643.2392578125 3643.2392578125
"56" 19081 46619 43061.21875 22.6854133605957 0 0
"57" 208400.5 33951 216818.90625 163164.1875 191846.265625 173832.796875
"58" 464002 638422 395434.4375 0 420543.5625 389793.78125
"59" 7206587 7283078 0 0 9492117 0
"60" 2712 2629 4430.8203125 4430.8203125 0 0
"61" 391649.5 498638 248984.40625 0 274427.46875 256285.984375
"62" 7557.5 7129.125 7080.1884765625 7080.1884765625 4504.39013671875 4504.39013671875
"63" 9261.5 5180 8364.17578125 8364.17578125 6418.97314453125 6418.97314453125
"64" 5893.5 4343.5 5176.455078125 3797.80419921875 0 0
"65" 234937.5 29031 181417.4375 90171.4140625 115984.375 89535.2578125
"66" 64638.5 47126 44242.10546875 0 0 0
"67" 135174.5 586280 209288.1875 153199.390625 175265.765625 162491.0625
"68" 268811.5 203829 169085.859375 47908.08984375 132762.640625 105488.15625
"69" 4700.5 2569 6210.6064453125 6210.6064453125 785.610595703125 785.610595703125
"70" 19246 15626 10015.916015625 944.690795898438 0 0
"71" 45813 35277 53182.23828125 22465.990234375 29687.34765625 20438.232421875
"72" 2493377 1123353 1738689.375 0 2072809.25 1921200
"73" 20602 13436 21913.5625 9438.8193359375 226.115036010742 226.115036010742
"74" 1242947.5 918868 1411851.375 537.463439941406 870274.375 518980.5625
"75" 38359 33183 40960.32421875 9680.3564453125 0 0
"76" 149319 149270 0 0 0 0
"77" 6279 8106 1091.80017089844 1091.80017089844 0 0
"78" 12252 12516 11792.0166015625 11792.0166015625 8989.31640625 8989.31640625
"79" 33486 35929 39693.03125 35326.75 28994.15234375 28994.15234375
"80" 120397.5 94388 0 0 147.566543579102 147.566543579102
"81" 39785 22423 19880.017578125 0 0 0
"82" 98597.5 99638 22686.240234375 0 48308.69140625 39180.6796875
"83" 25525.5 45648 0 0 0 0
"84" 5780.5 5669 1745.41943359375 1745.41943359375 807.453796386719 807.453796386719
"85" 35177.5 8473 29631.19921875 20000.01953125 17659.3203125 13227.0419921875
"86" 217627 272053.75 166591.859375 84173.8046875 104476.53125 83081.2578125
"87" 111809.5 87490 74781.4609375 193.938751220703 4599.16943359375 0
"88" 38169.5 19171.75 11030.05078125 0 0 0
"89" 42758 24602 27682.873046875 12633.73046875 22932.5234375 17629.71484375
"90" 44733 44946 38686.0703125 30470.861328125 36343.56640625 32826.04296875
"91" 11697 3946 12260.1279296875 12260.1279296875 8505.4365234375 8505.4365234375
"92" 37256 24780 28924.533203125 25274.5234375 24208.419921875 24208.419921875
"93" 9973.5 10265 4119.7216796875 2786.16479492188 2634.72802734375 2634.72802734375
"94" 8909057 17650 5757694.5 0 6217786 3712932.25
"95" 412467.5 136841.375 450871.1875 0.00736032426357269 288089.625 173710.875
"96" 2078350.5 1098555 1681223.125 0 1728823.25 1599733.125
"97" 216313 34853 194795 0.0242536086589098 180284.078125 166768.796875
"98" 198921.5 29793.625 40283.859375 0 0 0
"99" 25171.5 24319.125 5408.01318359375 0 0 0
"100" 25256.5 7029.5 22581.123046875 16667.236328125 11182.0537109375 11182.0537109375
"101" 8225 11358 0 0 0 0
"102" 12360.5 15780.375 0 0 0 0
"103" 60936.5 57328 0 0 0 0
"104" 48778 23067.5 0 0 0 0
"105" 32027 23223 0 0 0 0
"106" 26150 26148 0 0 0 0
"107" 220506.5 188630 0 0 0 0
"108" 27035 38434 0 0 0 0
"109" 62445.5 25413 0 0 0 0
"110" 58959 54664 0 0 0 0
"111" 6941 6267 0 0 0 0
"112" 28065 29227 0 0 0 0
"113" 3514865 208625 0 0 0 0
"114" 438270.5 561972 0 0 0 0
"115" 3687784.5 3155684 0 0 0 0
"116" 128432 136703 0 0 0 0
"117" 8195.5 39181 0 0 0 0
"118" 5964 6752 0 0 0 0
"119" 771751.5 4914 0 0 0 0
"120" 34009.5 13360 0 0 0 0
"121" 9356.5 11521 0 0 0 0
"122" 13325 6902 0 0 0 0
"123" 13809.5 17454 0 0 0 0
"124" 35496 22144.625 0 0 0 0
"125" 12537.5 12178 0 0 0 0
"126" 2866 2451.75 0 0 0 0
"127" 11036.5 7240.375 0 0 0 0
"128" 19485 18464 0 0 0 0
"129" 41825 21397.875 0 0 0 0
"130" 44084 26925 0 0 0 0
"131" 28879.5 18407 0 0 0 0
"132" 67179 17785.875 0 0 0 0
"133" 19752 12743.5 0 0 0 0
"134" 105363 106135 0 0 0 0
"135" 1477307 1191087 0 0 0 0
"136" 14271.5 10857 0 0 0 0
"137" 15631.5 9541.625 0 0 0 0
"138" 97528.5 171601 0 0 0 0
"139" 19557.5 15758 0 0 0 0
"140" 195850 123077.75 0 0 0 0
"141" 20336.5 97385 0 0 0 0
"142" 67126.5 50363 0 0 0 0
"143" 20618 11262.375 0 0 0 0
"144" 24956.5 12273.75 0 0 0 0
"145" 46779.5 21830 0 0 0 0
"146" 35323 58517 0 0 0 0
"147" 63014.5 7665.125 0 0 0 0
"148" 30748.5 16127 0 0 0 0
"149" 18655.5 17991 0 0 0 0
"150" 790184.5 793698 0 0 0 0
"151" 31897 26512 0 0 0 0
"152" 601101.5 35522 0 0 0 0
"153" 3170.5 5034 0 0 0 0
"154" 28369.5 20943 0 0 0 0
"155" 55620 26754 0 0 0 0
"156" 46143 39198 0 0 0 0
"157" 1155355.5 991265 0 0 0 0
"158" 19633 1322 0 0 0 0
"159" 4427938 2148843 0 0 0 0
"160" 57481.5 17830.625 0 0 0 0
"161" 25439.5 11826 0 0 0 0
"162" 77709.5 47868 0 0 0 0
"163" 125.5 6017.25 0 0 0 0
"164" 273146 178198.75 0 0 0 0
"165" 25210 622 0 0 0 0
"166" 439803.5 448025 0 0 0 0
"167" 106750 97467 0 0 0 0
"168" 119666 36439 0 0 0 0
"169" 10879.5 12623 0 0 0 0
"170" 16022 27408 0 0 0 0
"171" 24938 9126 0 0 0 0
"172" 17922.5 8609.5 0 0 0 0
"173" 75658.5 103262 0 0 0 0
"174" 53656 52474 0 0 0 0
"175" 46275 16672.5 0 0 0 0
"176" 2171.5 2172 0 0 0 0
"177" 154835 72847 0 0 0 0
"178" 11544 7560 0 0 0 0
"179" 2233201 693 0 0 0 0
"180" 9806 9549 0 0 0 0
"181" 18565 19578 0 0 0 0
"182" 44420 41239 0 0 0 0
"183" 16212 29243 0 0 0 0
"184" 374167 143543 0 0 0 0
"185" 5517.5 3388.75 0 0 0 0
"186" 1989574.5 1050535 0 0 0 0
"187" 13468 5839.375 0 0 0 0
"188" 285941 282184 0 0 0 0
"189" 9809.5 5776.125 0 0 0 0
"190" 119483 118615.5 0 0 0 0
"191" 10136 1119 0 0 0 0
"192" 156764.5 13549 0 0 0 0
"193" 2231.5 212 0 0 0 0
"194" 14579 1261 0 0 0 0
"195" 29355.5 16493 0 0 0 0
"196" 21121.5 3425.5 0 0 0 0
"197" 131663 48848 0 0 0 0
"198" 34312.5 72975 0 0 0 0
"199" 89231.5 11119.125 0 0 0 0
"200" 15357 31603 0 0 0 0
"201" 671208.5 96391 0 0 0 0
"202" 126341 102881 0 0 0 0
"203" 736538.5 1327397 0 0 0 0
"204" 24144.5 55991 0 0 0 0
"205" 22006.5 20106.75 0 0 0 0
"206" 21824.5 6127.875 0 0 0 0
"207" 8511.5 10409.875 0 0 0 0
"208" 34832.5 31954 0 0 0 0
"209" 76055 52021.875 0 0 0 0
"210" 1396194 925018 0 0 0 0
"211" 14416 22865.375 0 0 0 0
"212" 10405 4496.625 0 0 0 0
"213" 99922 113839 0 0 0 0
"214" 905153.5 89780 0 0 0 0
"215" 95854 62788 0 0 0 0
"216" 47093.5 38856.625 0 0 0 0
"217" 23738.5 47294.875 0 0 0 0
"218" 23648.5 5724.375 0 0 0 0
"219" 5783 8926 0 0 0 0
"220" 43193.5 29466 0 0 0 0
"221" 6904.5 6574 0 0 0 0
"222" 1217.5 14563 0 0 0 0
"223" 8949 1999.625 0 0 0 0
"224" 883 23207 0 0 0 0
"225" 51815.5 51417 0 0 0 0
"226" 15987645 3807719 0 0 0 0
"227" 18316.5 18871 0 0 0 0
"228" 17191 20570 0 0 0 0
"229" 7710.5 3423 0 0 0 0
"230" 72120.5 27639.125 0 0 0 0
"231" 9216 3663.875 0 0 0 0
"232" 27147.5 20215 0 0 0 0
"233" 23834.5 22423 0 0 0 0
"234" 42724 143302 0 0 0 0
"235" 323320 344389 0 0 0 0
"236" 17827 37073 0 0 0 0
"237" 4382 2514.625 0 0 0 0
"238" 6511 3712.5 0 0 0 0
"239" 44159.5 95951 0 0 0 0
"240" 4137998.5 789301 0 0 0 0
"241" 46939 18383.125 0 0 0 0
"242" 50922 18067 0 0 0 0
"243" 8641 8383 0 0 0 0
"244" 37963 36886 0 0 0 0
"245" 23200 41730 0 0 0 0
"246" 12437 8360.25 0 0 0 0
"247" 12713.5 13937 0 0 0 0
"248" 33197 49138 0 0 0 0
"249" 11879.5 6509 0 0 0 0
"250" 5657.5 2542 0 0 0 0
"251" 24780 54817 0 0 0 0
"252" 8493 48727 0 0 0 0
"253" 117291 147353 0 0 0 0
"254" 4249.5 6181 0 0 0 0
"255" 24948 10910.5 0 0 0 0
"256" 91700 51142 0 0 0 0
"257" 697048 175056.875 0 0 0 0
"258" 23819 11784.625 0 0 0 0
"259" 86587.5 103359 0 0 0 0
"260" 23221.5 17389 0 0 0 0
"261" 49112 38704 0 0 0 0
"262" 43322 15005 0 0 0 0
"263" 5734 5693 0 0 0 0
"264" 97575.5 130875 0 0 0 0
"265" 24084 30612 0 0 0 0
"266" 246848.5 287839 0 0 0 0
"267" 10931 7458 0 0 0 0
"268" 107533 10434.5 0 0 0 0
"269" 20764054 6570881 0 0 0 0
"270" 3623 23162 0 0 0 0
"271" 13546.5 9070 0 0 0 0
"272" 40321.5 21152 0 0 0 0
"273" 95295 54857 0 0 0 0
"274" 57446.5 13546.875 0 0 0 0
"275" 448051 206742 0 0 0 0
"276" 7633.5 6509 0 0 0 0
"277" 23288 23117 0 0 0 0
"278" 30105 9105 0 0 0 0
"279" 134776 73015 0 0 0 0
"280" 579987.5 560108 0 0 0 0
"281" 29036 25609 0 0 0 0
"282" 117027.5 81868 0 0 0 0
"283" 10361.5 4832.875 0 0 0 0
"284" 2530 2403 0 0 0 0
"285" 56494.5 49400 0 0 0 0
"286" 27248.5 24206 0 0 0 0
"287" 12494 7137.875 0 0 0 0
"288" 3439 1446 0 0 0 0
"289" 7491.5 5724 0 0 0 0
"290" 135071 201009 0 0 0 0
"291" 64692.5 45011 0 0 0 0
"292" 9563 10823 0 0 0 0
"293" 4434.5 3213 0 0 0 0
"294" 1604474.5 1769876 0 0 0 0
"295" 93997 86931 0 0 0 0
"296" 14350.5 38096 0 0 0 0
"297" 9444 2930.875 0 0 0 0
"298" 3060.5 1499 0 0 0 0
"299" 4001 5102 0 0 0 0
"300" 15424.5 16945 0 0 0 0
"301" 883434.5 229929 0 0 0 0
"302" 4326.5 3291 0 0 0 0
"303" 6200 46068 0 0 0 0
"304" 3161.5 3464 0 0 0 0
"305" 14438.5 20636 0 0 0 0
"306" 25946.5 9864.25 0 0 0 0
"307" 8871 6919.75 0 0 0 0
"308" 6014 5826.625 0 0 0 0
"309" 5328 1095 0 0 0 0
"310" 684499 181660 0 0 0 0
"311" 71096.5 27749 0 0 0 0
"312" 69414 30959 0 0 0 0
"313" 24671 5019 0 0 0 0
"314" 127048.5 111751.625 0 0 0 0
"315" 5481 3287 0 0 0 0
"316" 17103.5 8230.25 0 0 0 0
"317" 36331.5 3316.5 0 0 0 0
"318" 2229935.5 907710 0 0 0 0
"319" 19439 10084.375 0 0 0 0
"320" 14639 5761.875 0 0 0 0
"321" 17788.5 7058.875 0 0 0 0
"322" 3318.5 1419 0 0 0 0
"323" 11466.5 3506 0 0 0 0
"324" 39063.5 13049.875 0 0 0 0
"325" 51475.5 15413.5 0 0 0 0
"326" 17812.5 5277.5 0 0 0 0
"327" 9525 6354 0 0 0 0
"328" 34923.5 14925.375 0 0 0 0
"329" 17657 16692.375 0 0 0 0
"330" 8885.5 6547 0 0 0 0
"331" 98949 63758 0 0 0 0
"332" 5941 3448 0 0 0 0
"333" 20905 6140.875 0 0 0 0
"334" 271587 269559 0 0 0 0
"335" 25656 18607 0 0 0 0
"336" 15721.5 7572 0 0 0 0
"337" 35480.5 55818 0 0 0 0
"338" 11798.5 47385 0 0 0 0
"339" 9059 3316.5 0 0 0 0
"340" 2094912 1731395 0 0 0 0
"341" 3053 1955 0 0 0 0
"342" 12254.5 12287 0 0 0 0
"343" 201806 132691.75 0 0 0 0
"344" 10735 10661 0 0 0 0
