"emp" "co2" "grandf_emp" "grandf_co2" "bench_emp" "bench_co2"
"1" 169.75 12360.5 1.69749987125397 123.604988098145 1.69749987125397 123.604988098145
"2" 506.333343505859 60936.5 5.06333303451538 609.364929199219 5.06333303451538 609.364929199219
"3" 667.25 2038472 61.9409255981445 6316.33740234375 660.577514648438 24939.28515625
"4" 42 32027 0.419999957084656 320.269958496094 0.419999957084656 320.269958496094
"5" 323.25 26150 3.23249959945679 261.499969482422 3.23249959945679 261.499969482422
"6" 314.5 32217 4.9149808883667 887.595520019531 9.97173976898193 1350.19201660156
"7" 345.25 252773.5 0.450822532176971 954.199157714844 1.12009918689728 2031.68212890625
"8" 687.75 8379 2.77960753440857 79.1336059570312 4.89730882644653 104.874862670898
"9" 212.5 58959 2.12499976158142 589.589965820312 2.12499976158142 589.589965820312
"10" 17 6941 0.169999986886978 69.4099960327148 0.169999986886978 69.4099960327148
"11" 3083.75 3514865 154.1875 175743.25 154.1875 175743.25
"12" 435.75 438270.5 4.35749959945679 4382.70458984375 4.35749959945679 4382.70458984375
"13" 204.5 492647 2.74588251113892 4702.87451171875 20.4499988555908 6595.8603515625
"14" 1009.75 3687784.5 10.0974988937378 36877.83984375 10.0974988937378 36877.83984375
"15" 9665.5 34301.5 1.52990865707397 997.703979492188 5.67190361022949 997.703979492188
"16" 927.75 8195.5 9.27749919891357 81.9549942016602 9.27749919891357 81.9549942016602
"17" 1025.75 329285 9.66747760772705 6957.8046875 32.3010330200195 17503.130859375
"18" 457.25 77883.5 1.38105225563049 2267.27563476562 9.67253971099854 5774.69091796875
"19" 93.25 46789 1.25209558010101 446.654113769531 9.32499980926514 626.439758300781
"20" 243 45605 8.48110675811768 3137.25756835938 15.1962118148804 4158.4306640625
"21" 11654.25 771751.5 116.542488098145 7717.51416015625 116.542488098145 7717.51416015625
"22" 351 35480.5 1.85433423519135 713.302490234375 3.62610125541687 1375.26538085938
"23" 227.5 112231.5 8.79286861419678 5524.52001953125 12.2453927993774 6242.4697265625
"24" 206.75 13809.5 2.06749987602234 138.094985961914 2.06749987602234 138.094985961914
"25" 1612.75 282864 44.3423461914062 7441.99755859375 179.644653320312 70368.96875
"26" 2186.5 12537.5 21.8649978637695 125.374984741211 21.8649978637695 125.374984741211
"27" 153.75 22680.5 2.06667232513428 2268.0498046875 9.48551654815674 2268.0498046875
"28" 4815.5 33439 2.27983403205872 2373.07373046875 9.10643577575684 5397.603515625
"29" 2773.25 2866 27.7324962615967 28.6599979400635 27.7324962615967 28.6599979400635
"30" 90.75 19809.5 4.08469343185425 987.496276855469 4.52385425567627 1093.07006835938
"31" 224 19485 2.23999977111816 194.849975585938 2.23999977111816 194.849975585938
"32" 37.25 19170 0.39238116145134 201.931457519531 3.72499990463257 1916.99987792969
"33" 99.75 12938.5 0.000901349412743002 135.095108032227 0.00949071440845728 1293.84997558594
"34" 102.5 44084 101.474998474121 43643.16015625 101.474998474121 43643.16015625
"35" 171.66667175293 28879.5 1.71666657924652 288.794982910156 1.71666657924652 288.794982910156
"36" 640.75 653237 0.235576674342155 5345.5419921875 16.4127082824707 25298.4453125
"37" 557.5 67179 27.8750019073486 3358.9501953125 27.8750019073486 3358.9501953125
"38" 429 19752 4.28999948501587 197.519973754883 4.28999948501587 197.519973754883
"39" 285.5 105363 2.85499978065491 1053.6298828125 2.85499978065491 1053.6298828125
"40" 293.25 12723.5 0.94828599691391 41.1441307067871 0.94828599691391 1272.34997558594
"41" 394.5 1477307 3.94499969482422 14773.068359375 3.94499969482422 14773.068359375
"42" 193.25 66441.5 1.28650104999542 851.379211425781 1.96623647212982 1296.96630859375
"43" 677.5 97528.5 6.77499914169312 975.284912109375 6.77499914169312 975.284912109375
"44" 53 19557.5 5.29999971389771 1955.74987792969 5.29999971389771 1955.74987792969
"45" 445.75 133826.5 0.797778010368347 1205.37255859375 7.2955436706543 2725.80395507812
"46" 247 195850 2.46999979019165 1958.49975585938 2.46999979019165 1958.49975585938
"47" 314 20336.5 3.13999962806702 203.364974975586 3.13999962806702 203.364974975586
"48" 702.5 67126.5 7.02499914169312 671.264953613281 7.02499914169312 671.264953613281
"49" 447 20618 4.46999931335449 206.179977416992 4.46999931335449 206.179977416992
"50" 183.25 24956.5 1.83249986171722 249.564971923828 1.83249986171722 249.564971923828
"51" 279.333343505859 35323 2.79333305358887 353.229949951172 2.79333305358887 353.229949951172
"52" 3350 63014.5 33.4999961853027 630.144958496094 33.4999961853027 630.144958496094
"53" 284.666656494141 790184.5 281.820007324219 782282.6875 281.820007324219 782282.6875
"54" 19886.333984375 45622.5 8.60097408294678 4562.25 30.9112148284912 4562.25
"55" 2563 1962 1.0357460975647 1942.38000488281 4.87776660919189 1942.38000488281
"56" 244.5 31897 242.05500793457 31578.03125 242.05500793457 31578.03125
"57" 2287.5 601101.5 2264.625 595090.5 2264.625 595090.5
"58" 783.666687011719 3170.5 7.83666610717773 31.7049961090088 7.83666610717773 31.7049961090088
"59" 129.5 90526.5 0.0843019410967827 231.500335693359 0.584957242012024 956.927917480469
"60" 164.33332824707 44285 0.426018834114075 426.078125 1.58109605312347 1551.66674804688
"61" 152.33332824707 28369.5 1.52333307266235 283.694976806641 1.52333307266235 283.694976806641
"62" 256 55620 253.440002441406 55063.80078125 253.440002441406 55063.80078125
"63" 117.5 7554.5 6.24713277816772 7478.955078125 116.325004577637 7478.955078125
"64" 195.33332824707 46143 1.95333313941956 461.429962158203 1.95333313941956 461.429962158203
"65" 166.75 1155355.5 91.7125015258789 635445.5625 91.7125015258789 635445.5625
"66" 355.5 19633 3.55499958992004 196.329986572266 3.55499958992004 196.329986572266
"67" 1180.66662597656 276985 17.0482711791992 10738.3017578125 68.4068984985352 28748.96484375
"68" 1293.66662597656 4427938 12.9366645812988 44279.375 12.9366645812988 44279.375
"69" 328.333343505859 1506850 125.054153442383 66955.2109375 325.050018310547 172391.625
"70" 7075 57481.5 70.7499923706055 574.81494140625 70.7499923706055 574.81494140625
"71" 91 25439.5 90.0900039672852 25185.10546875 90.0900039672852 25185.10546875
"72" 398.75 77709.5 3.98749947547913 777.094909667969 3.98749947547913 777.094909667969
"73" 399.75 15416 4.22307729721069 255.336074829102 12.9074277877808 497.763366699219
"74" 127.333335876465 4955 15.7253818511963 4905.4501953125 126.060005187988 4905.4501953125
"75" 177.25 273146 1.77249979972839 2731.45971679688 1.77249979972839 2731.45971679688
"76" 150 439803.5 1.49999988079071 4398.03466796875 1.49999988079071 4398.03466796875
"77" 360 21133.5 2.09911608695984 1060.97961425781 5.33706998825073 1904.85876464844
"78" 348.5 106750 3.48499965667725 1067.49987792969 3.48499965667725 1067.49987792969
"79" 218 9498 1.26026403903961 949.799987792969 5.40375709533691 949.799987792969
"80" 239.75 10879.5 2.39749979972839 108.794990539551 2.39749979972839 108.794990539551
"81" 794 283793 7.40638208389282 8891.671875 27.2694473266602 23884.89453125
"82" 986.75 66350 3.58970284461975 852.977233886719 10.6007061004639 1740.21765136719
"83" 49600 116261.5 52.0407371520996 3080.07397460938 178.955764770508 8071.41162109375
"84" 1362.5 75658.5 136.25 7565.849609375 136.25 7565.849609375
"85" 1028.33337402344 53656 10.283332824707 536.559936523438 10.283332824707 536.559936523438
"86" 2130.33325195312 36650 0.134196728467941 266.479827880859 3.19209957122803 1264.90930175781
"87" 196 9806 1.95999979972839 98.0599899291992 1.95999979972839 98.0599899291992
"88" 377.333343505859 44420 3.77333307266235 444.199951171875 3.77333307266235 444.199951171875
"89" 99 1541153 37.7066764831543 68479.3515625 98.0100021362305 176315.9375
"90" 4799.66650390625 178571.5 434.364898681641 14981.37890625 2898.46801757812 160791.078125
"91" 371.333343505859 291051 5.36187744140625 11283.619140625 21.5147647857666 30208.90234375
"92" 788.75 374167 78.875 37416.69921875 78.875 37416.69921875
"93" 850.666687011719 1989574.5 467.86669921875 1094266 467.86669921875 1094266
"94" 138 39720 0.678387403488159 278.578216552734 1.1220645904541 402.995056152344
"95" 130 285941 13 28594.099609375 13 28594.099609375
"96" 181.5 119483 1.81499981880188 1194.82983398438 1.81499981880188 1194.82983398438
"97" 498 25858.5 2.02013230323792 4664.0927734375 16.3350601196289 25599.916015625
"98" 570.333312988281 156764.5 5.70333242416382 1567.64489746094 5.70333242416382 1567.64489746094
"99" 202 14579 2.01999974250793 145.789978027344 2.01999974250793 145.789978027344
"100" 45124 6159 0.407744258642197 64.3081359863281 4.29332304000854 615.899963378906
"101" 273.25 94245.5 1.51247143745422 1350.76672363281 2.80206489562988 2483.75024414062
"102" 261.333343505859 29355.5 2.61333322525024 293.554962158203 2.61333322525024 293.554962158203
"103" 560.5 54586.5 5.22830867767334 1710.27905273438 19.2500324249268 4594.16796875
"104" 642 131663 6.41999912261963 1316.6298828125 6.41999912261963 1316.6298828125
"105" 503.5 15053 2.76197171211243 2834.4287109375 9.47622585296631 8279.150390625
"106" 2832 271872 7.2601490020752 666.188720703125 31.9091815948486 7945.52734375
"107" 72 166853 39.6000022888184 24685.3203125 39.6000022888184 91769.1484375
"108" 825.5 15357 8.2549991607666 153.569976806641 8.2549991607666 153.569976806641
"109" 2211.25 671208.5 22.1124973297119 6712.08447265625 22.1124973297119 6712.08447265625
"110" 665 126341 33.25 6317.05029296875 33.25 6317.05029296875
"111" 1238.66662597656 736538.5 123.866661071777 73653.84375 123.866661071777 73653.84375
"112" 484.333343505859 76599 3.02656054496765 3677.31909179688 9.03283023834229 42129.44921875
"113" 292.666656494141 32058 29.2666645050049 3205.7998046875 29.2666645050049 3205.7998046875
"114" 488.25 24144.5 4.88249969482422 241.444976806641 4.88249969482422 241.444976806641
"115" 102 5290 0.58722710609436 26.8993644714355 0.924993634223938 37.4488906860352
"116" 423 138553 0.97138500213623 279.944915771484 57.1970748901367 98395.0703125
"117" 337 20318.5 0.938461661338806 812.837951660156 3.59658765792847 2817.3046875
"118" 1302 1500782 1.36606919765472 39759.6640625 4.69758749008179 104191.234375
"119" 287.666656494141 8511.5 2.87666630744934 85.114990234375 2.87666630744934 85.114990234375
"120" 435.333343505859 12039.5 2.72036409378052 577.985168457031 8.11897945404053 6621.72509765625
"121" 750.75 19081 30.34104347229 857.931457519531 35.2840347290039 958.190856933594
"122" 268.75 34832.5 2.68749976158142 348.324951171875 2.68749976158142 348.324951171875
"123" 694.25 76055 6.9424991607666 760.549926757812 6.9424991607666 760.549926757812
"124" 554 1396194 5.53999948501587 13961.9384765625 5.53999948501587 13961.9384765625
"125" 907 10405 9.0699987411499 104.049987792969 9.0699987411499 104.049987792969
"126" 272.333343505859 99922 2.72333312034607 999.219909667969 2.72333312034607 999.219909667969
"127" 1658.66662597656 905153.5 16.5866641998291 9051.5341796875 16.5866641998291 9051.5341796875
"128" 239 95854 11.9500007629395 4792.7001953125 11.9500007629395 4792.7001953125
"129" 1054.33337402344 208400.5 2.42119097709656 421.071075439453 142.564514160156 147998.109375
"130" 450.666656494141 464002 10.1213836669922 7366.36962890625 34.92578125 18453.83984375
"131" 12500 23738.5 124.999984741211 237.384979248047 124.999984741211 237.384979248047
"132" 3479.33325195312 7206587 314.875823974609 604601.125 2101.13208007812 6489024.5
"133" 552.75 2712 4.26368169428315e-05 0.000209192294278182 4.26368169428315e-05 1491.59997558594
"134" 183 43193.5 1.82999980449677 431.934967041016 1.82999980449677 431.934967041016
"135" 103 1217.5 1.02999985218048 12.1749982833862 1.02999985218048 12.1749982833862
"136" 320 391649.5 0.382679849863052 290.403656005859 2.19895458221436 1038.12145996094
"137" 117.75 883 116.57250213623 874.169982910156 116.57250213623 874.169982910156
"138" 368.666656494141 51815.5 3.68666625022888 518.154968261719 3.68666625022888 518.154968261719
"139" 9696.5 15987645 5333.0751953125 8793205 5333.0751953125 8793205
"140" 350 7557.5 1.10182106494904 23.7914638519287 1.10182106494904 23.7914638519287
"141" 113 9261.5 2.27428531646729 2201.6337890625 12.0529766082764 5968.88818359375
"142" 631 5893.5 0.0340880863368511 589.349975585938 0.0340880863368511 589.349975585938
"143" 272.75 18316.5 2.72749972343445 183.164978027344 2.72749972343445 183.164978027344
"144" 103.5 17191 1.03499984741211 171.90998840332 1.03499984741211 171.90998840332
"145" 89.5 7710.5 0.894999921321869 77.1049957275391 0.894999921321869 77.1049957275391
"146" 62049.5 9216 620.494934082031 92.1599884033203 620.494934082031 92.1599884033203
"147" 1096.33337402344 27147.5 10.9633321762085 271.474975585938 10.9633321762085 271.474975585938
"148" 342.25 23834.5 34.2249984741211 2383.44995117188 34.2249984741211 2383.44995117188
"149" 1696 234937.5 5.18568706512451 4816.91748046875 17.8344249725342 15888.0234375
"150" 446.666656494141 42724 4.46666622161865 427.239959716797 4.46666622161865 427.239959716797
"151" 1185 64638.5 3.77172350883484 647.823974609375 6.17203426361084 897.308349609375
"152" 8650.25 323320 86.5024948120117 3233.19970703125 86.5024948120117 3233.19970703125
"153" 251.33332824707 17827 2.5133330821991 178.269989013672 2.5133330821991 178.269989013672
"154" 76.6666641235352 4382 0.76666659116745 43.819995880127 0.76666659116745 43.819995880127
"155" 763.25 135174.5 5.30273532867432 4056.93481445312 18.6308212280273 11102.2021484375
"156" 423 44159.5 4.22999954223633 441.594940185547 4.22999954223633 441.594940185547
"157" 1496.5 4137998.5 823.075012207031 2275899.25 823.075012207031 2275899.25
"158" 106.25 46939 1.06249988079071 469.389953613281 1.06249988079071 469.389953613281
"159" 997.5 50922 9.97499942779541 509.219940185547 9.97499942779541 509.219940185547
"160" 913 268811.5 14.5924615859985 11776.240234375 51.1710891723633 30763.59765625
"161" 90.75 8641 0.90749990940094 86.4099884033203 0.90749990940094 86.4099884033203
"162" 169 23200 8.45000076293945 1160 8.45000076293945 1160
"163" 391.5 12713.5 3.91499948501587 127.134986877441 3.91499948501587 127.134986877441
"164" 148.5 33197 1.48499989509583 331.969970703125 1.48499989509583 331.969970703125
"165" 219.66667175293 4700.5 0.018828984349966 0.402908802032471 0.018828984349966 0.402908802032471
"166" 361.666656494141 24780 3.6166660785675 247.79997253418 3.6166660785675 247.79997253418
"167" 156.33332824707 19246 6.3181037902832 865.350219726562 7.34741353988647 966.476745605469
"168" 460.333343505859 8493 4.60333299636841 84.9299926757812 4.60333299636841 84.9299926757812
"169" 397.5 45813 14.7624416351318 6012.9326171875 29.3297290802002 25197.150390625
"170" 410.666656494141 117291 41.0666656494141 11729.099609375 41.0666656494141 11729.099609375
"171" 1794.75 697048 17.9474983215332 6970.4794921875 17.9474983215332 6970.4794921875
"172" 161.25 23221.5 1.61249983310699 232.214981079102 1.61249983310699 232.214981079102
"173" 1274 2493377 150.942291259766 108316.0546875 1261.26000976562 293026.84375
"174" 1096 20602 2.52527070045471 2060.19995117188 4.80593061447144 2060.19995117188
"175" 5767 1242947.5 34.3719291687012 26814.763671875 120.086616516113 71140.3203125
"176" 250.66667175293 43322 25.0666656494141 4332.19970703125 25.0666656494141 4332.19970703125
"177" 60.5 24084 0.604999959468842 240.839981079102 0.604999959468842 240.839981079102
"178" 389.666656494141 246848.5 3.89666604995728 2468.48486328125 3.89666604995728 2468.48486328125
"179" 268.5 10931 2.68499970436096 109.309989929199 2.68499970436096 109.309989929199
"180" 25107.5 20764054 251.074981689453 207640.515625 251.074981689453 207640.515625
"181" 1109.66662597656 38359 2.84475469589233 93.9939880371094 12.5030202865601 1121.05126953125
"182" 10097.75 40321.5 100.977493286133 403.214965820312 100.977493286133 403.214965820312
"183" 9068 57446.5 90.6799926757812 574.464965820312 90.6799926757812 574.464965820312
"184" 86.6666641235352 149319 3.67274761199951 6096.25732421875 4.20844411849976 6732.5400390625
"185" 84.3333358764648 448051 46.3833351135254 246428.0625 46.3833351135254 246428.0625
"186" 141 6279 0.781181216239929 60.5706214904785 1.67115259170532 80.275016784668
"187" 350.5 7633.5 35.0499992370605 763.349975585938 35.0499992370605 763.349975585938
"188" 265 23288 2.64999961853027 232.879974365234 2.64999961853027 232.879974365234
"189" 60 30105 0.599999964237213 301.049957275391 0.599999964237213 301.049957275391
"190" 183.75 12252 0.178431898355484 1235.43005371094 1.35654985904694 3716.73559570312
"191" 503.333343505859 134776 50.3333320617676 13477.599609375 50.3333320617676 13477.599609375
"192" 1191.25 33486 0.58011519908905 932.449890136719 4.43362092971802 932.449890136719
"193" 532.666687011719 29036 26.6333351135254 1451.80004882812 26.6333351135254 1451.80004882812
"194" 902 117027.5 9.01999950408936 1170.27490234375 9.01999950408936 1170.27490234375
"195" 94 120397.5 1.01801836490631 2502.61938476562 5.09496021270752 6525.75
"196" 1036.66662597656 56494.5 103.666656494141 5649.44970703125 103.666656494141 5649.44970703125
"197" 12 3439 0.11999998986721 34.3899955749512 0.11999998986721 34.3899955749512
"198" 66.5 7491.5 0.664999961853027 74.9149932861328 0.664999961853027 74.9149932861328
"199" 86.3333358764648 135071 0.863333284854889 1350.70983886719 0.863333284854889 1350.70983886719
"200" 499.5 64692.5 4.99499940872192 646.924926757812 4.99499940872192 646.924926757812
"201" 89 9563 0.88999992609024 95.6299896240234 0.88999992609024 95.6299896240234
"202" 32 4434.5 0.31999996304512 44.3449935913086 0.31999996304512 44.3449935913086
"203" 3953 1604474.5 395.299987792969 160447.4375 395.299987792969 160447.4375
"204" 97.3333358764648 14350.5 0.973333239555359 143.504989624023 0.973333239555359 143.504989624023
"205" 27 3060.5 0.269999980926514 30.6049976348877 0.269999980926514 30.6049976348877
"206" 542.75 39785 3.61318707466125 509.803619384766 5.52224922180176 776.619995117188
"207" 59 4001 0.589999914169312 40.0099945068359 0.589999914169312 40.0099945068359
"208" 42.5 98597.5 1.3110579252243 1244.83520507812 7.00169706344604 3041.57739257812
"209" 423 15424.5 4.22999954223633 154.244979858398 4.22999954223633 154.244979858398
"210" 619.75 883434.5 30.9875011444092 44171.7265625 30.9875011444092 44171.7265625
"211" 82.6666641235352 25525.5 2.95484566688538 1539.37646484375 8.26666641235352 2552.5498046875
"212" 434.333343505859 6200 4.34333276748657 61.9999923706055 4.34333276748657 61.9999923706055
"213" 30 5780.5 0.0917279794812202 118.517448425293 0.315467536449432 390.915618896484
"214" 94 3161.5 0.939999878406525 31.6149959564209 0.939999878406525 31.6149959564209
"215" 47 14438.5 0.469999939203262 144.384979248047 0.469999939203262 144.384979248047
"216" 643 35177.5 0.367002904415131 257.001007080078 0.367002904415131 257.001007080078
"217" 506.666656494141 684499 5.06666612625122 6844.9892578125 5.06666612625122 6844.9892578125
"218" 554 69414 55.3999977111816 6941.39990234375 55.3999977111816 6941.39990234375
"219" 675 24671 67.5 2467.09985351562 67.5 2467.09985351562
"220" 1630 217627 3.92873167991638 1069.541015625 10.772388458252 2240.23046875
"221" 422.5 127048.5 4.22499942779541 1270.48486328125 4.22499942779541 1270.48486328125
"222" 90 5481 0.899999916553497 54.8099937438965 0.899999916553497 54.8099937438965
"223" 300 17103.5 29.9999980926514 1710.34997558594 29.9999980926514 1710.34997558594
"224" 640 2229935.5 6.39999914169312 22299.353515625 6.39999914169312 22299.353515625
"225" 160 14639 1.59999978542328 146.389984130859 1.59999978542328 146.389984130859
"226" 1356.33337402344 111809.5 3.47711277008057 273.975311279297 15.2823047637939 3267.66064453125
"227" 112 38169.5 0.619933366775513 547.0615234375 1.14851319789886 1005.92059326172
"228" 203.33332824707 42758 0.451231598854065 765.004699707031 3.63793802261353 765.004699707031
"229" 180 44733 1.89303886890411 3254.98974609375 10.0249185562134 8830.755859375
"230" 100 11466.5 10 1146.64990234375 10 1146.64990234375
"231" 375 11697 0.692282438278198 21.5936737060547 0.692282438278198 21.5936737060547
"232" 382.333343505859 37256 0.0203553587198257 1.6674507856369 6.03456258773804 14864.85546875
"233" 330 51475.5 3.29999971389771 514.754943847656 3.29999971389771 514.754943847656
"234" 53.6666679382324 9973.5 0.164091184735298 204.486419677734 0.56433641910553 674.473937988281
"235" 12085.6669921875 8909057 332.293762207031 234392.4375 1346.22570800781 2216334.25
"236" 688 17812.5 6.8799991607666 178.124984741211 6.8799991607666 178.124984741211
"237" 50 9525 0.499999940395355 95.2499923706055 0.499999940395355 95.2499923706055
"238" 250 17657 2.49999976158142 176.569976806641 2.49999976158142 176.569976806641
"239" 210 8885.5 21 888.549987792969 21 888.549987792969
"240" 379.333343505859 98949 208.633346557617 54421.953125 208.633346557617 54421.953125
"241" 134.25 5941 132.907501220703 5881.58984375 132.907501220703 5881.58984375
"242" 1700 412467.5 76.0220642089844 39327.8984375 212.174728393555 56711.62109375
"243" 400 271587 220 149372.859375 220 149372.859375
"244" 2600 2078350.5 18.70046043396 13972.1435546875 62.5369110107422 35826.39453125
"245" 120 25656 1.19999992847443 256.559967041016 1.19999992847443 256.559967041016
"246" 500 216313 1.48304891586304 2548.97045898438 8.29607582092285 7068.0751953125
"247" 613 198921.5 8.35371780395508 19892.1484375 61.2999992370605 19892.1484375
"248" 120 25171.5 2.45907282829285 1507.05383300781 7.18457221984863 2517.14990234375
"249" 290 35480.5 14.5000009536743 1774.02502441406 14.5000009536743 1774.02502441406
"250" 500 11798.5 50 1179.84997558594 50 1179.84997558594
"251" 460 2094912 4.59999942779541 20949.1171875 4.59999942779541 20949.1171875
"252" 122 3053 1.21999990940094 30.5299968719482 1.21999990940094 30.5299968719482
"253" 875 25256.5 0.863534688949585 848.13330078125 0.863534688949585 848.13330078125
"254" 1434.25 201806 14.3424987792969 2018.05981445312 14.3424987792969 2018.05981445312
"255" 95.3333358764648 10735 9.53333282470703 1073.5 9.53333282470703 1073.5
"256" 730.5 154835 723.195007324219 153286.65625 723.195007324219 153286.65625
"257" 446.75 8225 4.46749973297119 82.2499923706055 4.46749973297119 82.2499923706055
"258" 230.75 48778 2.3074996471405 487.779937744141 2.3074996471405 487.779937744141
"259" 2994.25 220506.5 29.942497253418 2205.06469726562 29.942497253418 2205.06469726562
"260" 292 27035 2.91999959945679 270.349975585938 2.91999959945679 270.349975585938
"261" 687.5 62445.5 68.75 6244.5498046875 68.75 6244.5498046875
"262" 4326 28065 43.2599945068359 280.649963378906 43.2599945068359 280.649963378906
"263" 475 128432 4.74999952316284 1284.31982421875 4.74999952316284 1284.31982421875
"264" 535 5964 5.34999942779541 59.6399955749512 5.34999942779541 59.6399955749512
"265" 581 34009.5 5.80999946594238 340.094970703125 5.80999946594238 340.094970703125
"266" 1054.75 9356.5 10.5474987030029 93.5649871826172 10.5474987030029 93.5649871826172
"267" 1281.75 13325 12.8174991607666 133.249984741211 12.8174991607666 133.249984741211
"268" 108.75 35496 5.4375 1774.80004882812 5.4375 1774.80004882812
"269" 434.5 11036.5 4.34499979019165 110.364990234375 4.34499979019165 110.364990234375
"270" 151.25 41825 1.51249980926514 418.249969482422 1.51249980926514 418.249969482422
"271" 47 14271.5 0.469999939203262 142.714981079102 0.469999939203262 142.714981079102
"272" 142.75 15631.5 1.42749989032745 156.314987182617 1.42749989032745 156.314987182617
"273" 295.25 46779.5 2.95249962806702 467.794952392578 2.95249962806702 467.794952392578
"274" 378 30748.5 3.77999973297119 307.484954833984 3.77999973297119 307.484954833984
"275" 1768 18655.5 176.799987792969 1865.54992675781 176.799987792969 1865.54992675781
"276" 132.5 125.5 1.32499980926514 1.25499987602234 1.32499980926514 1.25499987602234
"277" 19926.25 25210 199.262481689453 252.099975585938 199.262481689453 252.099975585938
"278" 476 119666 4.75999975204468 1196.65991210938 4.75999975204468 1196.65991210938
"279" 3726.5 16022 186.325012207031 801.100036621094 186.325012207031 801.100036621094
"280" 1475 24938 14.7499980926514 249.379974365234 14.7499980926514 249.379974365234
"281" 1476 17922.5 14.7599983215332 179.224975585938 14.7599983215332 179.224975585938
"282" 3400 46275 33.9999961853027 462.749938964844 33.9999961853027 462.749938964844
"283" 252 2171.5 2.51999974250793 21.7149982452393 2.51999974250793 21.7149982452393
"284" 2400 11544 23.9999980926514 115.439987182617 23.9999980926514 115.439987182617
"285" 92072.75 2233201 920.727416992188 22332.0078125 920.727416992188 22332.0078125
"286" 10188.75 18565 101.887489318848 185.649978637695 101.887489318848 185.649978637695
"287" 180 16212 1.79999983310699 162.119979858398 1.79999983310699 162.119979858398
"288" 134.5 5517.5 1.34499990940094 55.1749954223633 1.34499990940094 55.1749954223633
"289" 2558.25 13468 25.5824966430664 134.679992675781 25.5824966430664 134.679992675781
"290" 114 9809.5 1.1399998664856 98.0949935913086 1.1399998664856 98.0949935913086
"291" 5442.5 10136 54.4249954223633 101.359992980957 54.4249954223633 101.359992980957
"292" 667.25 2231.5 66.7249984741211 223.149993896484 66.7249984741211 223.149993896484
"293" 1524.25 21121.5 15.2424983978271 211.214981079102 15.2424983978271 211.214981079102
"294" 254.33332824707 34312.5 2.54333305358887 343.124969482422 2.54333305358887 343.124969482422
"295" 2879.5 89231.5 28.7949962615967 892.314880371094 28.7949962615967 892.314880371094
"296" 311 22006.5 3.10999965667725 220.064971923828 3.10999965667725 220.064971923828
"297" 612.666687011719 21824.5 30.6333351135254 1091.22509765625 30.6333351135254 1091.22509765625
"298" 190.66667175293 14416 9.53333377838135 720.800048828125 9.53333377838135 720.800048828125
"299" 477.25 47093.5 4.77249956130981 470.934967041016 4.77249956130981 470.934967041016
"300" 1346.66662597656 23648.5 67.3333358764648 1182.42504882812 67.3333358764648 1182.42504882812
"301" 1843 5783 18.4299983978271 57.8299942016602 18.4299983978271 57.8299942016602
"302" 220.75 6904.5 2.20749974250793 69.0449905395508 2.20749974250793 69.0449905395508
"303" 8605 8949 86.0499877929688 89.489990234375 86.0499877929688 89.489990234375
"304" 3604 72120.5 36.0399971008301 721.204956054688 36.0399971008301 721.204956054688
"305" 660.75 6511 6.60749912261963 65.109992980957 6.60749912261963 65.109992980957
"306" 299.5 37963 164.725006103516 20879.650390625 164.725006103516 20879.650390625
"307" 167.66667175293 12437 1.6766664981842 124.369987487793 1.6766664981842 124.369987487793
"308" 577 11879.5 5.76999950408936 118.794990539551 5.76999950408936 118.794990539551
"309" 12204.5 5657.5 122.044990539551 56.5749931335449 122.044990539551 56.5749931335449
"310" 155.5 4249.5 1.55499982833862 42.4949951171875 1.55499982833862 42.4949951171875
"311" 1531 24948 15.3099985122681 249.47998046875 15.3099985122681 249.47998046875
"312" 1696.75 91700 169.674987792969 9170 169.674987792969 9170
"313" 1589.66662597656 23819 158.966659545898 2381.89990234375 158.966659545898 2381.89990234375
"314" 832 86587.5 8.3199987411499 865.874938964844 8.3199987411499 865.874938964844
"315" 335.75 49112 3.35749959945679 491.119964599609 3.35749959945679 491.119964599609
"316" 236.66667175293 5734 2.36666655540466 57.3399925231934 2.36666655540466 57.3399925231934
"317" 676.25 97575.5 6.76249933242798 975.7548828125 6.76249933242798 975.7548828125
"318" 563 107533 5.62999963760376 1075.32983398438 5.62999963760376 1075.32983398438
"319" 218 3623 215.820007324219 3586.77001953125 215.820007324219 3586.77001953125
"320" 883 13546.5 44.1500015258789 677.325012207031 44.1500015258789 677.325012207031
"321" 2608.33325195312 95295 26.0833301544189 952.949890136719 26.0833301544189 952.949890136719
"322" 391.333343505859 579987.5 3.91333293914795 5799.87451171875 3.91333293914795 5799.87451171875
"323" 1320 10361.5 13.1999988555908 103.614990234375 13.1999988555908 103.614990234375
"324" 13870.6669921875 2530 1387.06665039062 252.999984741211 1387.06665039062 252.999984741211
"325" 2654.25 27248.5 26.5424976348877 272.484985351562 26.5424976348877 272.484985351562
"326" 553.333312988281 12494 5.53333234786987 124.939987182617 5.53333234786987 124.939987182617
"327" 2508 93997 25.0799980163574 939.969909667969 25.0799980163574 939.969909667969
"328" 1336.5 9444 13.3649988174438 94.4399871826172 13.3649988174438 94.4399871826172
"329" 842.333312988281 4326.5 8.42333221435547 43.2649955749512 8.42333221435547 43.2649955749512
"330" 430 25946.5 4.29999971389771 259.464965820312 4.29999971389771 259.464965820312
"331" 1600 8871 160 887.099975585938 160 887.099975585938
"332" 900 6014 8.99999904632568 60.1399955749512 8.99999904632568 60.1399955749512
"333" 192.5 5328 1.92499983310699 53.2799949645996 1.92499983310699 53.2799949645996
"334" 1600 71096.5 80 3554.8251953125 80 3554.8251953125
"335" 1100 36331.5 10.9999990463257 363.314971923828 10.9999990463257 363.314971923828
"336" 1350 19439 13.4999990463257 194.389984130859 13.4999990463257 194.389984130859
"337" 269.333343505859 17788.5 2.6933331489563 177.884979248047 2.6933331489563 177.884979248047
"338" 250 3318.5 2.49999976158142 33.1849975585938 2.49999976158142 33.1849975585938
"339" 2804.5 39063.5 28.0449962615967 390.634948730469 28.0449962615967 390.634948730469
"340" 61 34923.5 0.60999995470047 349.234954833984 0.60999995470047 349.234954833984
"341" 1700 20905 16.9999980926514 209.04997253418 16.9999980926514 209.04997253418
"342" 688 15721.5 6.8799991607666 157.214981079102 6.8799991607666 157.214981079102
"343" 1000 9059 9.99999904632568 90.5899887084961 9.99999904632568 90.5899887084961
"344" 255 12254.5 2.54999971389771 122.544990539551 2.54999971389771 122.544990539551
